0.0	1.0
0.1	0.9980593854409209
0.2	0.9930308833414473
0.30000000000000004	0.9866236440017044
0.4	0.9801651396415574
0.5	0.9740230564384107
0.6000000000000001	0.9680384650393397
0.7000000000000001	0.9621808641273347
0.8	0.956683940302814
0.9	0.9517365327134173
1.0	0.9472850253291111
1.1	0.9431728792584879
1.2000000000000002	0.9393675654497234
1.3	0.9359685477944644
1.4000000000000001	0.9330516811546097
1.5	0.9306133533845583
1.6	0.9286461428686172
1.7000000000000002	0.9271934731292343
1.8	0.9262826169527877
1.9000000000000001	0.9258304899378476
2.0	0.9257044016216751
2.1	0.925883545837943
2.2	0.9264883040592707
2.3000000000000003	0.9276164823430474
2.4000000000000004	0.9291949882890446
2.5	0.931053909571299
2.6	0.9330822183844155
2.7	0.9352060254313553
2.8000000000000003	0.9372413853037226
2.9000000000000004	0.9389046942428054
3.0	0.9400517497172257
3.1	0.9408212375346227
3.2	0.9414690286846968
3.3000000000000003	0.9420913915365081
3.4000000000000004	0.9425718151441533
3.5	0.9428004651957991
3.6	0.9428524169080731
3.7	0.9429114769338033
3.8000000000000003	0.9430604317930963
3.9000000000000004	0.9431916115203066
4.0	0.9431184032900524
4.1000000000000005	0.9427461902542666
4.2	0.9421403671024828
4.3	0.9414479438623009
4.4	0.940792351632785
4.5	0.9402431855958662
4.6000000000000005	0.9398205586866077
4.7	0.9394829306988057
4.800000000000001	0.9391151572517189
4.9	0.9385781579518276
5.0	0.937815263168089
5.1000000000000005	0.9368956467641447
5.2	0.9359319871537872
5.300000000000001	0.9349673807487467
5.4	0.9339892331152975
5.5	0.933030378987864
5.6000000000000005	0.9321906477186787
5.7	0.9315391906049624
5.800000000000001	0.9310054712464302
5.9	0.9304203652628901
6.0	0.9296570837978203
6.1000000000000005	0.9287070764201962
6.2	0.927659629348781
6.300000000000001	0.9266426385203443
6.4	0.9257802143134128
6.5	0.925149540755439
6.6000000000000005	0.9247470830388741
6.7	0.9245119488465537
6.800000000000001	0.9244026584260655
6.9	0.9244449141500448
7.0	0.9246783430145686
7.1000000000000005	0.9250670245514759
7.2	0.9254863279453573
7.300000000000001	0.9258015747670083
7.4	0.9259526239644522
7.5	0.9259638031863705
7.6000000000000005	0.925883362616406
7.7	0.92573080785867
7.800000000000001	0.9255202416263907
7.9	0.9253241566846282
8.0	0.9252847523227669
8.1	0.9255409822821359
8.200000000000001	0.9261166360206323
8.3	0.9268996865928547
8.4	0.9277752660822748
8.5	0.9287438539436988
8.6	0.9298520248726331
8.700000000000001	0.931018321538809
8.8	0.9319964022733754
8.9	0.9325495519107142
9.0	0.9326361837912502
9.1	0.9323776702144745
9.200000000000001	0.9318651418999702
9.3	0.9310647548783467
9.4	0.9299076889289615
9.5	0.9284281862792642
9.600000000000001	0.926776353554428
9.700000000000001	0.9251032619415479
9.8	0.9234860021973914
9.9	0.9219534295644014
10.0	0.9205341513789547
10.100000000000001	0.9192862181848244
10.200000000000001	0.9182779809027447
10.3	0.9175300233943665
10.4	0.9169880130219734
10.5	0.9165487644689021
10.600000000000001	0.916102553971897
10.700000000000001	0.9155613830508222
10.8	0.914891696540617
10.9	0.9141324470787344
11.0	0.9133694856294079
11.100000000000001	0.9126917026740606
11.200000000000001	0.9121604031854875
11.3	0.9118183873523134
11.4	0.9117022740841552
11.5	0.9117971115427566
11.600000000000001	0.9119820768512858
11.700000000000001	0.9121075865554907
11.8	0.9121783702390891
11.9	0.9123880611798484
12.0	0.9129129315205
12.100000000000001	0.9137101129540701
12.200000000000001	0.9145832884830226
12.3	0.9154576526420363
12.4	0.9164729559900772
12.5	0.917749355795892
12.600000000000001	0.9191598595180177
12.700000000000001	0.9203973267150408
12.8	0.9212801442478221
12.9	0.9219231680286007
13.0	0.9225615464043763
13.100000000000001	0.9232838884019695
13.200000000000001	0.9239594510754913
13.3	0.9243827284643643
13.4	0.924439458129073
13.5	0.9241248230969983
13.600000000000001	0.9234578302025992
13.700000000000001	0.9224644966153838
13.8	0.9212841290407624
13.9	0.9201871153350328
14.0	0.9193997658808949
14.100000000000001	0.9189462413116606
14.200000000000001	0.9186909697889531
14.3	0.9185176845228724
14.4	0.9183848481578362
14.5	0.9181900515968726
14.600000000000001	0.9177182653218549
14.700000000000001	0.9167999489186002
14.8	0.9154760431960424
14.9	0.9139549069138572
15.0	0.9124248547567911
15.100000000000001	0.910978693513177
15.200000000000001	0.9097072536421418
15.3	0.9087483537578087
15.4	0.9081597038904118
15.5	0.9078004843656974
15.600000000000001	0.9074394112425658
15.700000000000001	0.9069860455986468
15.8	0.9065668908060079
15.9	0.9063784176182856
16.0	0.9065139684278898
16.1	0.9069469230873239
16.2	0.9076400505055058
16.3	0.9086085440988658
16.400000000000002	0.909863738497997
16.5	0.9113142193563352
16.6	0.9127596163002232
16.7	0.9140211523952122
16.8	0.9150635825875125
16.900000000000002	0.9159882593275489
17.0	0.9169249599905708
17.1	0.917935415390551
17.2	0.9189890198376928
17.3	0.9199686571372778
17.400000000000002	0.9207295285198428
17.5	0.9212234189386046
17.6	0.9215466514106891
17.7	0.9218273082541552
17.8	0.9220788584646087
17.900000000000002	0.9221890050301108
18.0	0.9220709360321542
18.1	0.9218005509248006
18.2	0.9215120740362985
18.3	0.9211610447564
18.400000000000002	0.9205078907188303
18.5	0.9193761483270845
18.6	0.9178865874318294
18.7	0.9163724559210447
18.8	0.9150456187207339
18.900000000000002	0.9138130008922878
19.0	0.9124573720851266
19.1	0.9109449238580385
19.200000000000003	0.909473075982226
19.3	0.9082436881805694
19.400000000000002	0.9072829617101883
19.5	0.9064899639107107
19.6	0.9057958394291679
19.700000000000003	0.9052109335550036
19.8	0.9047507676000389
19.900000000000002	0.9044106382368559
20.0	0.9042285270799194
20.1	0.9043220711584758
20.200000000000003	0.9048045924064274
20.3	0.9056441312081353
20.400000000000002	0.9066595552712261
20.5	0.9077099760231002
20.6	0.9088668743096097
20.700000000000003	0.910341883934931
20.8	0.9122200856844556
20.900000000000002	0.9142960474983477
21.0	0.9162300760344941
21.1	0.9178529159603579
21.200000000000003	0.919242041230274
21.3	0.9205277711779568
21.400000000000002	0.9217330857342192
21.5	0.9228265178860827
21.6	0.9238119540917993
21.700000000000003	0.9246835806734652
21.8	0.9253502127850113
21.900000000000002	0.925664261685911
22.0	0.9255445806483958
22.1	0.9250291052450634
22.200000000000003	0.9241904865588286
22.3	0.9230546539507196
22.400000000000002	0.9216246371350177
22.5	0.9199725416362718
22.6	0.918289874170003
22.700000000000003	0.9168163697564023
22.8	0.9156864392556092
22.900000000000002	0.9148515239061626
23.0	0.9141824922563596
23.1	0.9136489745420997
23.200000000000003	0.9133504885801363
23.3	0.9133242422197131
23.400000000000002	0.9134032778182298
23.5	0.9133683795330778
23.6	0.9131834615003335
23.700000000000003	0.9129976673290412
23.8	0.9129238203265829
23.900000000000002	0.9128985021950556
24.0	0.9128139904433215
24.1	0.9126892428049799
24.200000000000003	0.9126412298052636
24.3	0.912734721448719
24.400000000000002	0.9129232819910623
24.5	0.9131297702733367
24.6	0.9133348851563902
24.700000000000003	0.9135807695915443
24.8	0.9139036596947875
24.900000000000002	0.9143101586303475
25.0	0.9148205475463458
25.1	0.9154935022940375
25.200000000000003	0.9163710166327772
25.3	0.9173723029278033
25.400000000000002	0.9183160274792691
25.5	0.9190828654602822
25.6	0.9197387370623783
25.700000000000003	0.9204916488894477
25.8	0.921491514967919
25.900000000000002	0.9227199460521135
26.0	0.9240852820969387
26.1	0.9255247523340047
26.200000000000003	0.9269880529005519
26.3	0.928358309271117
26.400000000000002	0.9294802472619906
26.5	0.9302893330285059
26.6	0.9308301074053912
26.700000000000003	0.9311441200688841
26.8	0.9311932620427236
26.900000000000002	0.9309344534248203
27.0	0.9304202495670171
27.1	0.9297530844271091
27.200000000000003	0.9289759483051435
27.3	0.9280500004496541
27.400000000000002	0.9269662299526916
27.5	0.9258249508484131
27.6	0.9247295699285913
27.700000000000003	0.9236556563041946
27.8	0.9224816122893358
27.900000000000002	0.9211538484526305
28.0	0.9197869584121813
28.1	0.918540445273227
28.200000000000003	0.9174151593722584
28.3	0.9162476491428848
28.400000000000002	0.9149455657247786
28.5	0.913682075196872
28.6	0.9127703472257137
28.700000000000003	0.9123406592871462
28.8	0.912206828496976
28.900000000000002	0.9120854814934277
29.0	0.9119000320892816
29.1	0.9118162814430267
29.200000000000003	0.912006606464509
29.3	0.9124480045429461
29.400000000000002	0.9129611243950214
29.5	0.913386964153348
29.6	0.9137161407716826
29.700000000000003	0.9141018370604441
29.8	0.9147615243627674
29.900000000000002	0.9158172934492934
30.0	0.917195986451731
30.1	0.918686342142024
30.200000000000003	0.9200920481037739
30.3	0.9213294279623959
30.400000000000002	0.9223949682465201
30.5	0.9232861319038982
30.6	0.9239876058566003
30.700000000000003	0.9245258657157658
30.8	0.9249895122164582
30.900000000000002	0.9254244953373898
31.0	0.9257367924525675
31.1	0.9257998750844232
31.200000000000003	0.9256404483392192
31.3	0.9254615486909823
31.400000000000002	0.9254598505590468
31.5	0.9256053051429984
31.6	0.9256557166075641
31.700000000000003	0.9254089492278069
31.8	0.9248971811649364
31.900000000000002	0.9243196353100441
32.0	0.9238268944700107
32.1	0.9234112063291565
32.2	0.9229717456867895
32.300000000000004	0.9224340622773929
32.4	0.9217736220867822
32.5	0.9209871018768567
32.6	0.9201108533894637
32.7	0.9192134458323423
32.800000000000004	0.9183245303088127
32.9	0.9173525804081695
33.0	0.9161181841945557
33.1	0.9145633353827701
33.2	0.9128987679259472
33.300000000000004	0.9114913453578687
33.4	0.9105899295381835
33.5	0.910158666019479
33.6	0.9100011179627877
33.7	0.909997167277595
33.800000000000004	0.9101675214553145
33.9	0.9105384761725026
34.0	0.9110536938182539
34.1	0.9116745355717057
34.2	0.9124720961263242
34.300000000000004	0.9135407370637144
34.4	0.9148285304951967
34.5	0.9161306120510478
34.6	0.9172639336531045
34.7	0.9181976047444662
34.800000000000004	0.9190147729455889
34.9	0.9197565127058348
35.0	0.9203605343938384
35.1	0.9207703228129812
35.2	0.9210388999525843
35.300000000000004	0.9213047407860451
35.4	0.9216699554075136
35.5	0.9221005664897375
35.6	0.9224625079400794
35.7	0.9226557050706969
35.800000000000004	0.9226848043646574
35.9	0.9226047231916701
36.0	0.9224437235647167
36.1	0.9221852171701697
36.2	0.9217915765892859
36.300000000000004	0.9212241726109021
36.4	0.9204615021055037
36.5	0.919537568600044
36.6	0.9185476899534025
36.7	0.9175855090070875
36.800000000000004	0.9166787137593064
36.9	0.9158075018670201
37.0	0.9149950939857784
37.1	0.9143601820364551
37.2	0.9140748541089252
37.300000000000004	0.9142543952220528
37.4	0.9148597404242613
37.5	0.9156859371359425
37.6	0.9164496315396637
37.7	0.9169414161196536
37.800000000000004	0.917125354568124
37.9	0.9170853798282167
38.0	0.9168947857671281
38.1	0.9165536444902834
38.2	0.916037657039928
38.300000000000004	0.9154029351063868
38.400000000000006	0.914820460458772
38.5	0.9144696269517663
38.6	0.914392848686566
38.7	0.9144623436691403
38.800000000000004	0.9144850927783537
38.900000000000006	0.914335009543762
39.0	0.9140359895089003
39.1	0.91374515416181
39.2	0.9136145110983525
39.300000000000004	0.9136812151447622
39.400000000000006	0.9139171370889884
39.5	0.9143464222468836
39.6	0.9150621495208386
39.7	0.9160932763224359
39.800000000000004	0.9172874194900712
39.900000000000006	0.9183845920781255
40.0	0.9192028466665287
40.1	0.9197323827159732
40.2	0.9200521047007384
40.300000000000004	0.9201945135855689
40.400000000000006	0.9201274670911195
40.5	0.9198590832892871
40.6	0.9195022619992163
40.7	0.9191957150193459
40.800000000000004	0.9189927639452634
40.900000000000006	0.9188026496882367
41.0	0.9184457624991018
41.1	0.9178056006049693
41.2	0.9168869930856003
41.300000000000004	0.9157514667555224
41.400000000000006	0.914445880711299
41.5	0.9130118871908783
41.6	0.9115720745354338
41.7	0.9103180542525321
41.800000000000004	0.9093607023995964
41.900000000000006	0.9086523967110982
42.0	0.9080901897772425
42.1	0.9076586172028189
42.2	0.9074111456710768
42.300000000000004	0.9073525011960659
42.400000000000006	0.9074241710437382
42.5	0.9076032797885023
42.6	0.9079436966537692
42.7	0.908476823602962
42.800000000000004	0.9091171347937688
42.900000000000006	0.9097096948903698
43.0	0.9101747162694167
43.1	0.9105684527639397
43.2	0.910994833985617
43.300000000000004	0.9115117365638588
43.400000000000006	0.9121313794243656
43.5	0.9128730531441193
43.6	0.9137691563478499
43.7	0.9147973201437352
43.800000000000004	0.9158386367372774
43.900000000000006	0.9167403392522696
44.0	0.9174210697721172
44.1	0.917901626699951
44.2	0.9182240433067347
44.300000000000004	0.9183799374763174
44.400000000000006	0.9183607480017788
44.5	0.9182457222157977
44.6	0.918174818947251
44.7	0.9182284431671315
44.800000000000004	0.9183700018578419
44.900000000000006	0.9184938231602675
45.0	0.918504593457091
45.1	0.9183397060215445
45.2	0.9179553515222056
45.300000000000004	0.9173640434956141
45.400000000000006	0.9166707288133341
45.5	0.9160164454756042
45.6	0.9154680737800476
45.7	0.9149773988689954
45.800000000000004	0.9144667773768937
45.900000000000006	0.9139437853229322
46.0	0.9134967182770203
46.1	0.9131759365260969
46.2	0.9129094321738114
46.300000000000004	0.9125673544025326
46.400000000000006	0.9121186022232134
46.5	0.9116890507276456
46.6	0.9114452181776197
46.7	0.9114348978309396
46.800000000000004	0.9115392828602815
46.900000000000006	0.9115797405393196
47.0	0.9114773285898741
47.1	0.9112877509434983
47.2	0.9111106181929319
47.300000000000004	0.9110010325364278
47.400000000000006	0.9109580306250435
47.5	0.9109713728831972
47.6	0.9110370638794406
47.7	0.911161868942115
47.800000000000004	0.9113860591420259
47.900000000000006	0.9117740454745413
48.0	0.9123621865809477
48.1	0.9131033464835125
48.2	0.9138659074641885
48.300000000000004	0.9144985842678045
48.400000000000006	0.9149405926580062
48.5	0.9152680802032569
48.6	0.9156038515333464
48.7	0.9160198802517004
48.800000000000004	0.9164975461114315
48.900000000000006	0.91694162245984
49.0	0.9172580468379472
49.1	0.9173805465371571
49.2	0.9172332352376398
49.300000000000004	0.9167282892344619
49.400000000000006	0.9158202630217669
49.5	0.9145936372883671
49.6	0.913268616476903
49.7	0.912072046729215
49.800000000000004	0.9110871925153365
49.900000000000006	0.9102384330945676
50.0	0.9094160607439935
50.1	0.9085835124647502
50.2	0.9077594651800325
50.300000000000004	0.9069227784396905
50.400000000000006	0.9060197654022221
50.5	0.9050915490330494
50.6	0.9043129898845608
50.7	0.9038708703457051
50.800000000000004	0.9038141245491061
50.900000000000006	0.9040482344357347
51.0	0.9044908303196335
51.1	0.9051705123213347
51.2	0.906109680970503
51.300000000000004	0.9071690417987494
51.400000000000006	0.9081088140804328
51.5	0.9087963637890313
51.6	0.9093103516118238
51.7	0.9098391900803606
51.800000000000004	0.9104817754454086
51.900000000000006	0.9111943755506751
52.0	0.9119185854216265
52.1	0.912671802246034
52.2	0.9134732844895992
52.300000000000004	0.9142121587006153
52.400000000000006	0.9146819031966126
52.5	0.9147793951725474
52.6	0.9146274228434796
52.7	0.9144496014391678
52.800000000000004	0.9143336143201529
52.900000000000006	0.9141938831722807
53.0	0.913949845230274
53.1	0.9136490091579765
53.2	0.9133774171323354
53.300000000000004	0.9130883901616612
53.400000000000006	0.9125978662591134
53.5	0.911782282715507
53.6	0.9107320111968142
53.7	0.9096900770146845
53.800000000000004	0.9088653060952534
53.900000000000006	0.9083090002094023
54.0	0.9079415969724862
54.1	0.9076542918729544
54.2	0.9073826651808338
54.300000000000004	0.9071187132473293
54.400000000000006	0.906903202347479
54.5	0.9068182042045507
54.6	0.9069443485511338
54.7	0.9072819970665245
54.800000000000004	0.9077072595788735
54.900000000000006	0.9080376568451115
55.0	0.9081805836250159
55.1	0.9082036006808452
55.2	0.9082395954223075
55.300000000000004	0.9083576241166168
55.400000000000006	0.9085414667970154
55.5	0.9087621702131095
55.6	0.909002025610469
55.7	0.9091815988596379
55.800000000000004	0.9091259892563575
55.900000000000006	0.9086689161159591
56.0	0.9078024819224679
56.1	0.9067128067830211
56.2	0.905671301724802
56.300000000000004	0.9048670148889388
56.400000000000006	0.9043039465489747
56.5	0.9038319194272845
56.6	0.9032970214804178
56.7	0.9026899148190524
56.800000000000004	0.9021339420680612
56.900000000000006	0.9017372588836237
57.0	0.90148414559569
57.1	0.9012674296347503
57.2	0.9010034664323919
57.300000000000004	0.9007057281623393
57.400000000000006	0.9004644820696557
57.5	0.9003904514714318
57.6	0.9005632339388311
57.7	0.9009936889123149
57.800000000000004	0.9016397206676122
57.900000000000006	0.9024616447331679
58.0	0.9034521332749047
58.1	0.90460390456676
58.2	0.905833371515715
58.300000000000004	0.9069682125963351
58.400000000000006	0.9078713696603596
58.5	0.9085435886885801
58.6	0.9090763615459432
58.7	0.9095439697350598
58.800000000000004	0.9099490545357842
58.900000000000006	0.9102645458123381
59.0	0.9104951933060697
59.1	0.9106625496010153
59.2	0.9107540977677228
59.300000000000004	0.910740308196818
59.400000000000006	0.9106437647379115
59.5	0.9105542804561118
59.6	0.9105385566861324
59.7	0.9105042690073077
59.800000000000004	0.910187196081017
59.900000000000006	0.9093388945945547
60.0	0.9079562584091387
60.1	0.9063056133654697
60.2	0.9047043172047635
60.300000000000004	0.9033059854803114
60.400000000000006	0.9020992737839673
60.5	0.9010726129302458
60.6	0.9003299956779263
60.7	0.9000184200853808
60.800000000000004	0.9001851566592279
60.900000000000006	0.9007376465504012
61.0	0.9014996402945735
61.1	0.9023024085174977
61.2	0.903050570920254
61.300000000000004	0.9037388755851142
61.400000000000006	0.9044310212381808
61.5	0.9051809453252825
61.6	0.9059505383567403
61.7	0.9066330808226258
61.800000000000004	0.9071541174628774
61.900000000000006	0.9075279537269784
62.0	0.90782478558761
62.1	0.9080951205590084
62.2	0.9083257420181559
62.300000000000004	0.9084649827265272
62.400000000000006	0.9084745934133597
62.5	0.9083472988140592
62.6	0.9081061715380216
62.7	0.907798835227645
62.800000000000004	0.9074833853965479
62.900000000000006	0.9072319502615253
63.0	0.9071049239998716
63.1	0.9070922899622715
63.2	0.9071055594602109
63.300000000000004	0.907064308114368
63.400000000000006	0.9070141484721949
63.5	0.9071341775761036
63.6	0.9076008501026764
63.7	0.9084551584290191
63.800000000000004	0.909601691005703
63.900000000000006	0.9108821886226685
64.0	0.9121301280067088
64.10000000000001	0.9132306259816134
64.2	0.9141853092785879
64.3	0.9151046156289182
64.4	0.91608503020099
64.5	0.9170527323756069
64.60000000000001	0.9177754930020812
64.7	0.918049483618807
64.8	0.9178183466200318
64.9	0.9171276093898423
65.0	0.916033427362816
65.10000000000001	0.9145971438381852
65.2	0.9129437054639469
65.3	0.9112710104284703
65.4	0.9097655557075426
65.5	0.9085223493378903
65.60000000000001	0.9075491535014416
65.7	0.9067972937351552
65.8	0.9061869433917696
65.9	0.9056163847859642
66.0	0.9049945712150581
66.10000000000001	0.9043188027281311
66.2	0.9037069824548877
66.3	0.9033287922955594
66.4	0.9032634945041579
66.5	0.9034207753639047
66.60000000000001	0.9036418138021796
66.7	0.9038648576619138
66.8	0.9041686428621795
66.9	0.9046635823358173
67.0	0.9053717540591978
67.10000000000001	0.9062507726755397
67.2	0.9073000624488939
67.3	0.9085792660793437
67.4	0.9101074364940707
67.5	0.9117722817586353
67.60000000000001	0.9133704330576882
67.7	0.9147384963429142
67.8	0.915837658726876
67.9	0.9166821413589588
68.0	0.9172156486141784
68.10000000000001	0.9173173567496044
68.2	0.9169410880262663
68.3	0.9162434332394683
68.4	0.9155225740189362
68.5	0.9149756821891114
68.60000000000001	0.914532826768958
68.7	0.9139583582443239
68.8	0.9130943032355638
68.9	0.9120089256009112
69.0	0.9109301766862795
69.10000000000001	0.910013603393252
69.2	0.9091894583198011
69.3	0.9082621921660557
69.4	0.9071508122550508
69.5	0.9060225831618434
69.60000000000001	0.9051751890509385
69.7	0.9047868252446044
69.8	0.904807168484386
69.9	0.905101034705179
70.0	0.9056547848041544
70.10000000000001	0.9065819177246993
70.2	0.907947626685989
70.3	0.9096268910155163
70.4	0.911347814197324
70.5	0.9128716139768405
70.60000000000001	0.9141105756800728
70.7	0.9151001091584451
70.8	0.9159004884521085
70.9	0.9165542320987334
71.0	0.9171114747181883
71.10000000000001	0.9176312023233483
71.2	0.9181464238568118
71.3	0.91863288289
71.4	0.9190301237530666
71.5	0.9192931362671505
71.60000000000001	0.919408414504643
71.7	0.9193865951781409
71.8	0.9192494156024178
71.9	0.9190208907184666
72.0	0.9187309291559252
72.10000000000001	0.918404126719756
72.2	0.9180416788210529
72.3	0.9176276200210515
72.4	0.9171505817809108
72.5	0.9166229080602629
72.60000000000001	0.9160870198115236
72.7	0.9155942059347157
72.8	0.915170857175307
72.9	0.9148315005436871
73.0	0.914616033238744
73.10000000000001	0.9145811509986508
73.2	0.9147447732821135
73.3	0.915038229198419
73.4	0.915363572635816
73.5	0.9157155368427277
73.60000000000001	0.9161835116780239
73.7	0.9167888212280393
73.8	0.9173699630235167
73.9	0.9177096500123276
74.0	0.9177610374086389
74.10000000000001	0.9176873247333738
74.2	0.9176762505752749
74.3	0.9177572927775018
74.4	0.917812342390431
74.5	0.9177276963911882
74.60000000000001	0.9174923496182019
74.7	0.9171535729196898
74.8	0.9167202091801759
74.9	0.9161681974579042
75.0	0.9155463693438901
75.10000000000001	0.9150039864780405
75.2	0.9146610255838928
75.3	0.9144642078111618
75.4	0.9142381351422688
75.5	0.9138942968453861
75.60000000000001	0.9135199231172373
75.7	0.9132380999382564
75.8	0.9130492168041071
75.9	0.9128751798107366
76.0	0.9127386696681637
76.10000000000001	0.9127988119043198
76.2	0.913176779845322
76.3	0.9138248402261321
76.4	0.9145822468956132
76.5	0.9153408130023558
76.60000000000001	0.9161413230226667
76.7	0.9170666573247022
76.80000000000001	0.9180827239529771
76.9	0.9190330361425241
77.0	0.9197536908458236
77.10000000000001	0.9201752457170527
77.2	0.9203376422615653
77.30000000000001	0.9203473000580026
77.4	0.9203374852712873
77.5	0.9204104197058969
77.60000000000001	0.920553172561926
77.7	0.9206053812087205
77.80000000000001	0.920364896135395
77.9	0.9197724506885939
78.0	0.9189746485265583
78.10000000000001	0.9181741988609713
78.2	0.9174297416100007
78.30000000000001	0.9166717829998678
78.4	0.915903644653796
78.5	0.9152771856663149
78.60000000000001	0.9149279561438061
78.7	0.9147841295248667
78.80000000000001	0.9146357880916551
78.9	0.9144163274014866
79.0	0.9143193299594655
79.10000000000001	0.9145892927550004
79.2	0.9152494861252767
79.30000000000001	0.9160877246003865
79.4	0.9168837855139048
79.5	0.9175712413772904
79.60000000000001	0.9181797481056415
79.7	0.9187069807944721
79.80000000000001	0.9190952820953648
79.9	0.9193143459372238
80.0	0.9194014977766203
80.10000000000001	0.9193820775467079
80.2	0.9192021144931966
80.30000000000001	0.9187818284445881
80.4	0.9181110956894477
80.5	0.9172855524607213
80.60000000000001	0.9164506380809406
80.7	0.9157127229010572
80.80000000000001	0.9151204270003889
80.9	0.9147074150149334
81.0	0.914502347875369
81.10000000000001	0.9144748625739697
81.2	0.9145003106222772
81.30000000000001	0.9144287794207464
81.4	0.9142299313961072
81.5	0.9140414079873591
81.60000000000001	0.914040598498997
81.7	0.9142957879154959
81.80000000000001	0.9147377639120237
81.9	0.9152533164099366
82.0	0.9157786048124352
82.10000000000001	0.9162827728956322
82.2	0.9167286498455759
82.30000000000001	0.9170941657075942
82.4	0.9173964019835121
82.5	0.9176821397891801
82.60000000000001	0.9179842931978145
82.7	0.9182741995751006
82.80000000000001	0.9184707235640459
82.9	0.9184951071584031
83.0	0.9183130947403427
83.10000000000001	0.917947505072428
83.2	0.9174637163838126
83.30000000000001	0.9169419770894209
83.4	0.9164530308938902
83.5	0.9160245877535096
83.60000000000001	0.9156330497907957
83.7	0.915230527090138
83.80000000000001	0.9147730593150909
83.9	0.9142632420368642
84.0	0.9137606510438556
84.10000000000001	0.9133254776606823
84.2	0.9129443449268809
84.30000000000001	0.912514816706237
84.4	0.9119447852931095
84.5	0.9112917561742205
84.60000000000001	0.910786219604176
84.7	0.910667737684634
84.80000000000001	0.9109881748089912
84.9	0.9115917170455444
85.0	0.9122755052547842
85.10000000000001	0.9129610017658851
85.2	0.9136924074407043
85.30000000000001	0.9144879150321839
85.4	0.915258701476863
85.5	0.9159073184752026
85.60000000000001	0.916483820719738
85.7	0.9171679773362146
85.80000000000001	0.9180523993521075
85.9	0.9189874852673868
86.0	0.9196801363031626
86.10000000000001	0.9199300114256556
86.2	0.9197636778626342
86.30000000000001	0.9193810136382871
86.4	0.9189684445492446
86.5	0.9185707011548456
86.60000000000001	0.9181615649549327
86.7	0.9177549103389334
86.80000000000001	0.9174191708067204
86.9	0.9171908708359561
87.0	0.9169683456935508
87.10000000000001	0.9165543807751934
87.2	0.9158358821461268
87.30000000000001	0.9148988259294356
87.4	0.9139435515852473
87.5	0.9131062221490349
87.60000000000001	0.91240151776848
87.7	0.9118094927600611
87.80000000000001	0.9113528854229905
87.9	0.9110616728971519
88.0	0.9108965319289233
88.10000000000001	0.9107518136780388
88.2	0.9105283399109702
88.30000000000001	0.9102112791162691
88.4	0.909899250408342
88.5	0.9097476217583764
88.60000000000001	0.9098679272270442
88.7	0.910252412154674
88.80000000000001	0.9107804245071078
88.9	0.9113143616967281
89.0	0.911803777863869
89.10000000000001	0.9122888175815926
89.2	0.912807662371608
89.30000000000001	0.9133263397316388
89.4	0.9137636216392848
89.5	0.9140782359854431
89.60000000000001	0.914340929450813
89.7	0.9146972651198927
89.80000000000001	0.9152219443723796
89.9	0.9158402973137878
90.0	0.9163983543462169
90.10000000000001	0.9167748486264249
90.2	0.9169318704784434
90.30000000000001	0.9168562744049308
90.4	0.916503985033103
90.5	0.9158800442399911
90.60000000000001	0.9151308687382609
90.7	0.9144979126943573
90.80000000000001	0.9141733989095764
90.9	0.9141839831915284
91.0	0.9144047093068278
91.10000000000001	0.9146757381762101
91.2	0.914897056153602
91.30000000000001	0.9150317866211226
91.4	0.9150594651722396
91.5	0.9149513436594952
91.60000000000001	0.9146951584866962
91.7	0.9143454441464276
91.80000000000001	0.914001172209864
91.9	0.913728763435425
92.0	0.9135237071906581
92.10000000000001	0.9133009973873122
92.2	0.9129432494441518
92.30000000000001	0.912384668861095
92.4	0.9116692675874987
92.5	0.9109526684422765
92.60000000000001	0.9103721667583998
92.7	0.9098841434550999
92.80000000000001	0.9092956106757977
92.9	0.9084882537709436
93.0	0.9075815695248144
93.10000000000001	0.9068279791104844
93.2	0.9063534750285984
93.30000000000001	0.9060509307116675
93.4	0.9057341948456389
93.5	0.9053646389470069
93.60000000000001	0.9050760731794728
93.7	0.9049787462307477
93.80000000000001	0.9050204196272189
93.9	0.9050887442045176
94.0	0.9051803450678462
94.10000000000001	0.905383897437823
94.2	0.905721892508611
94.30000000000001	0.9060854733760489
94.4	0.9063722473763512
94.5	0.9066480247639774
94.60000000000001	0.907084096894312
94.7	0.9077377304128939
94.80000000000001	0.9084759417948135
94.9	0.9091453271591966
95.0	0.909747752762198
95.10000000000001	0.9103972387416739
95.2	0.9111451733150829
95.30000000000001	0.9119141649199779
95.4	0.9125866304099628
95.5	0.913114878194213
95.60000000000001	0.913543873400322
95.7	0.9139430981666269
95.80000000000001	0.9143419208156228
95.9	0.9147281851665214
96.0	0.9150712465461465
96.10000000000001	0.9153187322810838
96.2	0.9153835136287145
96.30000000000001	0.9151863249884391
96.4	0.9147461980046778
96.5	0.914197467599802
96.60000000000001	0.9136871934568057
96.7	0.9132650157058627
96.80000000000001	0.9128748107783007
96.9	0.9124367744348448
97.0	0.9118982839412051
97.10000000000001	0.911206868162113
97.2	0.910319766109115
97.30000000000001	0.9092889365456587
97.4	0.9082540320689969
97.5	0.9073023880866908
97.60000000000001	0.9063914121367186
97.7	0.9054399563189582
97.80000000000001	0.9044909741470708
97.9	0.9037294408577228
98.0	0.903290416786687
98.10000000000001	0.9031017966830778
98.2	0.902977538677057
98.30000000000001	0.9028459662437524
98.4	0.9028412145636726
98.5	0.9031497169207939
98.60000000000001	0.9037843263195977
98.7	0.9045554817081972
98.80000000000001	0.9052731123063171
98.9	0.9059260561191185
99.0	0.906647406258736
99.10000000000001	0.9075190323310304
99.2	0.9084495237826482
99.30000000000001	0.90930237706023
99.4	0.9100718508301509
99.5	0.9108619681562672
99.60000000000001	0.9117332665444076
99.7	0.9126015404894662
99.80000000000001	0.9133166070758747
99.9	0.9138363605875263
100.0	0.9142704048657313
