0.0	1.0
0.1	0.9980553658212128
0.2	0.99285155327496
0.30000000000000004	0.9858559998480189
0.4	0.9784522447298911
0.5	0.9713277371479804
0.6000000000000001	0.9645413191889677
0.7000000000000001	0.9579832676086134
0.8	0.9517209269012769
0.9	0.9459742183591316
1.0	0.940889135643668
1.1	0.9364177400558996
1.2000000000000002	0.9324062820225026
1.3	0.9287673351427125
1.4000000000000001	0.9255472476976663
1.5	0.9228349549014314
1.6	0.9206527910982242
1.7000000000000002	0.918951862072881
1.8	0.9176808599294212
1.9000000000000001	0.9168407956839537
2.0	0.9164607081091648
2.1	0.9165169024146587
2.2	0.9169071584674744
2.3000000000000003	0.9175291869025469
2.4000000000000004	0.9183759538469893
2.5	0.9195345054384587
2.6	0.9210755577780841
2.7	0.9229520017757186
2.8000000000000003	0.9250279179989259
2.9000000000000004	0.9271822675241584
3.0	0.9293384142244046
3.1	0.9313908713751243
3.2	0.9331451535102049
3.3000000000000003	0.9343937788685581
3.4000000000000004	0.9350771604741888
3.5	0.9353427445059711
3.6	0.935426420340025
3.7	0.9354617646325651
3.8000000000000003	0.9353937382185303
3.9000000000000004	0.9350764778907126
4.0	0.9344366224145517
4.1000000000000005	0.9335448352575298
4.2	0.9325593805057397
4.3	0.9316009409497623
4.4	0.9306685345015455
4.5	0.9296622409345829
4.6000000000000005	0.9284805255479953
4.7	0.92711843497961
4.800000000000001	0.9256883102159044
4.9	0.9243501100358626
5.0	0.9232297107979979
5.1000000000000005	0.922382775787038
5.2	0.9217950060907221
5.300000000000001	0.921398133055859
5.4	0.9210806654364148
5.5	0.9207004009323286
5.6000000000000005	0.9201396873872092
5.7	0.9193799088284051
5.800000000000001	0.9185112840951983
5.9	0.9176485111030316
6.0	0.916832579178278
6.1000000000000005	0.916028896621644
6.2	0.9152101405650513
6.300000000000001	0.9144205793348991
6.4	0.9137645296265297
6.5	0.9133278690694506
6.6000000000000005	0.9131070468233285
6.7	0.913015427593487
6.800000000000001	0.9129354193136205
6.9	0.9127714884658793
7.0	0.9124957458553975
7.1000000000000005	0.9121669726380781
7.2	0.9119104705756448
7.300000000000001	0.9118564179407275
7.4	0.9120658250387987
7.5	0.9125007812808767
7.6000000000000005	0.913055759750393
7.7	0.913625268424355
7.800000000000001	0.9141586308640178
7.9	0.9146583100502964
8.0	0.9151359533170762
8.1	0.9155723980786071
8.200000000000001	0.9159074535213284
8.3	0.9160689984892746
8.4	0.916029760488838
8.5	0.9158361571437403
8.6	0.915565122740705
8.700000000000001	0.9152459868986276
8.8	0.9148362022106892
8.9	0.9142871939657136
9.0	0.9136330382823846
9.1	0.9130106261589096
9.200000000000001	0.9125827961171114
9.3	0.9124129430215966
9.4	0.9124115041366123
9.5	0.9124259446204178
9.600000000000001	0.9123684214306945
9.700000000000001	0.9122371701562346
9.8	0.9120315746554796
9.9	0.9116755345459268
10.0	0.9110406389620149
10.100000000000001	0.9100454747113764
10.200000000000001	0.9087220441868326
10.3	0.9071722356795731
10.4	0.9054689162524825
10.5	0.9036239723105386
10.600000000000001	0.9016506287988818
10.700000000000001	0.8996420173028515
10.8	0.8977818511973646
10.9	0.8962636118566658
11.0	0.8951908325862885
11.100000000000001	0.8945565672264238
11.200000000000001	0.8943006835995618
11.3	0.8943690918458107
11.4	0.8947306723370326
11.5	0.8953545769127024
11.600000000000001	0.8961839328672795
11.700000000000001	0.8971483078934301
11.8	0.8982018360658585
11.9	0.8993309755887117
12.0	0.9005166151676058
12.100000000000001	0.9016966673313778
12.200000000000001	0.9027838884996084
12.3	0.9037223364044924
12.4	0.904506226905119
12.5	0.9051457355725888
12.600000000000001	0.9056335803530352
12.700000000000001	0.9059619582558183
12.8	0.9061835615189214
12.9	0.906428046860036
13.0	0.9068130908229745
13.100000000000001	0.9073236220472493
13.200000000000001	0.9077928000110943
13.3	0.9080442329358978
13.4	0.9080669816440801
13.5	0.9080093946172962
13.600000000000001	0.9079973518944725
13.700000000000001	0.9079852373425433
13.8	0.9077829862744424
13.9	0.9072440343322365
14.0	0.9064318294001497
14.100000000000001	0.905570313145047
14.200000000000001	0.9048373477986097
14.3	0.9042256068457277
14.4	0.9035894854070241
14.5	0.9028189297589342
14.600000000000001	0.9019609851876531
14.700000000000001	0.9011621955717453
14.8	0.9005129394704572
14.9	0.8999648077829626
15.0	0.8993991619615216
15.100000000000001	0.8987648747613781
15.200000000000001	0.8981264843113397
15.3	0.8975858213019694
15.4	0.8971742846577342
15.5	0.8968326150084411
15.600000000000001	0.8965167085882518
15.700000000000001	0.8963007678496839
15.8	0.8963367989564687
15.9	0.8967249205410323
16.0	0.8974332449278252
16.1	0.8983357791224745
16.2	0.8993252440852992
16.3	0.9003597365905904
16.400000000000002	0.9013909921435049
16.5	0.9022980383885963
16.6	0.9029407139422819
16.7	0.903293069102577
16.8	0.9034981316865541
16.900000000000002	0.9037599437494509
17.0	0.9041923538545324
17.1	0.9047783051918791
17.2	0.9054491331396605
17.3	0.9061825132594262
17.400000000000002	0.90700948712408
17.5	0.9079322692505568
17.6	0.9088603537665334
17.7	0.909636840952518
17.8	0.9101453441429865
17.900000000000002	0.9103973794578799
18.0	0.9104936450070883
18.1	0.9105096589889403
18.2	0.9104228170020768
18.3	0.9101265819760347
18.400000000000002	0.9095288641504137
18.5	0.9086539376035447
18.6	0.907628083998571
18.7	0.9065550637606483
18.8	0.9054151837778613
18.900000000000002	0.9040975220819106
19.0	0.9025316289933971
19.1	0.9007746895709946
19.200000000000003	0.8989756177445288
19.3	0.8972690113886849
19.400000000000002	0.8957000602343167
19.5	0.8942335680490179
19.6	0.8928133081989525
19.700000000000003	0.8914177390087141
19.8	0.8900924197241781
19.900000000000002	0.888933424043527
20.0	0.8880132410359858
20.1	0.8873290323881637
20.200000000000003	0.8868402949561335
20.3	0.8865425930584759
20.400000000000002	0.8864971715244782
20.5	0.8867956839132867
20.6	0.8874836615902574
20.700000000000003	0.888499071742691
20.8	0.8896916623508179
20.900000000000002	0.8909171190636284
21.0	0.8921194478637056
21.1	0.8933512182422675
21.200000000000003	0.8947411998626731
21.3	0.8964044332455865
21.400000000000002	0.8983256141629573
21.5	0.9003322710136115
21.6	0.9022152022854171
21.700000000000003	0.9038970281817305
21.8	0.905488880012755
21.900000000000002	0.9071646764136522
22.0	0.908963944515748
22.1	0.9107286580608762
22.200000000000003	0.9122412607184371
22.3	0.91340114975757
22.400000000000002	0.9142579819591079
22.5	0.9148981410757129
22.6	0.9153245419716542
22.700000000000003	0.9154628847857468
22.8	0.9152717007342959
22.900000000000002	0.9148156789794956
23.0	0.9142201100125094
23.1	0.9135521536541679
23.200000000000003	0.912750084093782
23.3	0.9116769332943067
23.400000000000002	0.9102500023914999
23.5	0.9085331479015974
23.6	0.9066997625079328
23.700000000000003	0.9048771891535797
23.8	0.903028215758412
23.900000000000002	0.9010131202771982
24.0	0.8987741012058078
24.1	0.8964400303855704
24.200000000000003	0.8942479885760869
24.3	0.8923829739802207
24.400000000000002	0.8908925268040975
24.5	0.8897369135051627
24.6	0.888904064634346
24.700000000000003	0.888451883872085
24.8	0.8884343779039388
24.900000000000002	0.8888240601726624
25.0	0.8895348934350554
25.1	0.8904938413141662
25.200000000000003	0.8916536482228175
25.3	0.8929420147887493
25.400000000000002	0.8942404846314718
25.5	0.8954567429840985
25.6	0.89663559871645
25.700000000000003	0.897977009501513
25.8	0.8996942471480597
25.900000000000002	0.9018187159733353
26.0	0.9041437028510656
26.1	0.9063653550211371
26.200000000000003	0.9082873623895783
26.3	0.9099116272425307
26.400000000000002	0.9113395596994337
26.5	0.9126028728586937
26.6	0.9136181931585208
26.700000000000003	0.9142837142027964
26.8	0.914587682655836
26.900000000000002	0.914613280615294
27.0	0.9144312665990096
27.1	0.9140137287191841
27.200000000000003	0.9132832147108513
27.3	0.9122367349021228
27.400000000000002	0.9110000762305499
27.5	0.9097490298191832
27.6	0.9085797090527434
27.700000000000003	0.9074695298016492
27.8	0.9063555884661162
27.900000000000002	0.9052273624580487
28.0	0.9041528797988231
28.1	0.9032340309816391
28.200000000000003	0.9025341143749397
28.3	0.9020430934042768
28.400000000000002	0.9017035707802131
28.5	0.9014527715334678
28.6	0.901242066256365
28.700000000000003	0.9010368915002845
28.8	0.9008126878044345
28.900000000000002	0.9005512050554314
29.0	0.9002326639967717
29.1	0.8998394311677146
29.200000000000003	0.899379919673181
29.3	0.898903855174221
29.400000000000002	0.8984934468713653
29.5	0.8982420738262346
29.6	0.8982142134608128
29.700000000000003	0.8984023370222114
29.8	0.8987377040425893
29.900000000000002	0.8991516943126306
30.0	0.8996212280153257
30.1	0.9001599638834964
30.200000000000003	0.9007736702792737
30.3	0.901433827825553
30.400000000000002	0.9020978783188349
30.5	0.9027458620968666
30.6	0.9033880185627753
30.700000000000003	0.9040343768960575
30.8	0.9046665429314537
30.900000000000002	0.9052438177991086
31.0	0.9057271773895001
31.1	0.9061096304204521
31.200000000000003	0.9064268676817965
31.3	0.9067014846369075
31.400000000000002	0.9068880939857816
31.5	0.9069144195750237
31.6	0.9067691154799169
31.700000000000003	0.9065413158786455
31.8	0.9063669076667524
31.900000000000002	0.9063089889028519
32.0	0.9062920558023135
32.1	0.9061732390511337
32.2	0.9058839319296387
32.300000000000004	0.9055028256263948
32.4	0.9051882004592987
32.5	0.905037907963392
32.6	0.9050034670106213
32.7	0.9049195739334054
32.800000000000004	0.9046219058020317
32.9	0.9040520727693511
33.0	0.9032675801288249
33.1	0.9023770190166513
33.2	0.9014619531514328
33.300000000000004	0.9005351802984927
33.4	0.8995624455101071
33.5	0.8985149493975507
33.6	0.8974172241913453
33.7	0.8963799233793861
33.800000000000004	0.8955669063154278
33.9	0.8951005709056479
34.0	0.8949998308897298
34.1	0.8951947500909588
34.2	0.8955922408945162
34.300000000000004	0.8961280961659042
34.4	0.8967591699681268
34.5	0.8974318550314192
34.6	0.8980762522429088
34.7	0.8986413642614434
34.800000000000004	0.8991424730118817
34.9	0.8996678890594357
35.0	0.9003399006411211
35.1	0.9012412375311715
35.2	0.902338927648564
35.300000000000004	0.9034967459223323
35.4	0.9045771109609301
35.5	0.905521048149958
35.6	0.906346947976856
35.7	0.9070698897621128
35.800000000000004	0.9076102102316324
35.9	0.9078223457918725
36.0	0.9076409626845785
36.1	0.9071829083948532
36.2	0.9066993141849136
36.300000000000004	0.9063969860972244
36.4	0.9062684112602093
36.5	0.9061010289610651
36.6	0.9056614811206221
36.7	0.9048922068793065
36.800000000000004	0.903957272282106
36.9	0.9030968128515687
37.0	0.9024374658925288
37.1	0.9019229772218353
37.2	0.9013802090199943
37.300000000000004	0.9006487395066028
37.4	0.8996765637722683
37.5	0.898519395383823
37.6	0.8972767021597725
37.7	0.8960392145084585
37.800000000000004	0.8948901765077679
37.9	0.8939313131686386
38.0	0.8932589603729885
38.1	0.892893068353931
38.2	0.8927653379464442
38.300000000000004	0.8928096000534506
38.400000000000006	0.8930473212612433
38.5	0.8935613068027716
38.6	0.8943864282418041
38.7	0.895442870269196
38.800000000000004	0.8965985421046017
38.900000000000006	0.8977879964760092
39.0	0.8990338973961397
39.1	0.9003500043630368
39.2	0.9016623499489497
39.300000000000004	0.9028513625592943
39.400000000000006	0.9038764220280445
39.5	0.9048500425788033
39.6	0.9059417886486517
39.7	0.9071794534598868
39.800000000000004	0.9083833530090721
39.900000000000006	0.9093101663884744
40.0	0.9098464010225408
40.1	0.9101000969912844
40.2	0.9103115568789996
40.300000000000004	0.9106144280131393
40.400000000000006	0.9108725157822282
40.5	0.9107849985459638
40.6	0.9101625246339989
40.7	0.9091080746211848
40.800000000000004	0.9079449908385933
40.900000000000006	0.9069647792620584
41.0	0.9062248818340496
41.1	0.9055807549009626
41.2	0.9048918101073536
41.300000000000004	0.9041531218918393
41.400000000000006	0.9034344862822627
41.5	0.9027677051826469
41.6	0.9021353487718691
41.7	0.9015467450969843
41.800000000000004	0.90109008466373
41.900000000000006	0.9008667953133821
42.0	0.9008655435115905
42.1	0.900936602950925
42.2	0.900897371866864
42.300000000000004	0.9006660124798351
42.400000000000006	0.9003128057373472
42.5	0.8999792665240278
42.6	0.8997474917248997
42.7	0.8995863882044689
42.800000000000004	0.8994092599040373
42.900000000000006	0.89918060344972
43.0	0.8989633261841762
43.1	0.8988739549706496
43.2	0.899000822364289
43.300000000000004	0.899336260983087
43.400000000000006	0.8997877776340801
43.5	0.9002769808469944
43.6	0.9008116237187448
43.7	0.9014564052180467
43.800000000000004	0.9022511825302292
43.900000000000006	0.9031643838374189
44.0	0.9041279928225248
44.1	0.9050941410936842
44.2	0.9060379331906144
44.300000000000004	0.9069328733313334
44.400000000000006	0.9077355313354052
44.5	0.9083850912342138
44.6	0.9088306904442591
44.7	0.9090566404592039
44.800000000000004	0.9090841904061984
44.900000000000006	0.9089719636480652
45.0	0.9087985281246077
45.1	0.9086249497329482
45.2	0.9084667010209841
45.300000000000004	0.9082768281577271
45.400000000000006	0.9079625718439712
45.5	0.9074374083293496
45.6	0.906662928505982
45.7	0.9056644185574713
45.800000000000004	0.9045120563698792
45.900000000000006	0.9032766207018851
46.0	0.9019963665311806
46.1	0.900673691270261
46.2	0.8993190349316288
46.300000000000004	0.8980158630451867
46.400000000000006	0.8969202390383813
46.5	0.8961687275141815
46.6	0.8957749603924738
46.7	0.8956176405137737
46.800000000000004	0.8955351714885161
46.900000000000006	0.8954328098450302
47.0	0.8953110423185096
47.1	0.8952192264102865
47.2	0.8951991663400419
47.300000000000004	0.8952685255189663
47.400000000000006	0.8954321199804458
47.5	0.8956795932933823
47.6	0.8959851340805735
47.7	0.8963289661057051
47.800000000000004	0.8967065933882449
47.900000000000006	0.897118027620956
48.0	0.8975463161501531
48.1	0.8979448796289394
48.2	0.8982744878842653
48.300000000000004	0.8985514284281768
48.400000000000006	0.8988470183154267
48.5	0.899253704636337
48.6	0.8998354325854517
48.7	0.9006007719178503
48.800000000000004	0.9015366298250977
48.900000000000006	0.9026436366502888
49.0	0.9039163152983569
49.1	0.9053022251479629
49.2	0.9066844598129964
49.300000000000004	0.9078929275921144
49.400000000000006	0.9087550514801583
49.5	0.9091866055180802
49.6	0.9092485453004195
49.7	0.9090953364411598
49.800000000000004	0.9088538333146942
49.900000000000006	0.9085419841773189
50.0	0.90809400449569
50.1	0.9074596146354057
50.2	0.9066781269495803
50.300000000000004	0.9058549624256657
50.400000000000006	0.9050765882954205
50.5	0.904364814330922
50.6	0.903696929946183
50.7	0.9030399413249058
50.800000000000004	0.9023672185673333
50.900000000000006	0.9016522067564499
51.0	0.9008597559415868
51.1	0.8999730948795183
51.2	0.8990313886762518
51.300000000000004	0.8981152074691714
51.400000000000006	0.8972909752312614
51.5	0.896583081087424
51.6	0.8959945636723472
51.7	0.8955464195837315
51.800000000000004	0.8953019898372178
51.900000000000006	0.8953414855035825
52.0	0.8956930141677789
52.1	0.896293600028569
52.2	0.8970236094234508
52.300000000000004	0.8977643773709307
52.400000000000006	0.898427014703571
52.5	0.8989657080256158
52.6	0.8993879219651617
52.7	0.8997456856628295
52.800000000000004	0.9001029471906787
52.900000000000006	0.9004813562432633
53.0	0.9008167327973082
53.1	0.9009870176603099
53.2	0.9009149246757221
53.300000000000004	0.9006697654353998
53.400000000000006	0.9004629702763305
53.5	0.9005064302001248
53.6	0.9008611641832631
53.7	0.90141629021964
53.800000000000004	0.9019879254654407
53.900000000000006	0.9024334306485625
54.0	0.9026931754206309
54.1	0.9027403267773214
54.2	0.9025120283129702
54.300000000000004	0.9019300256608203
54.400000000000006	0.9009943997007086
54.5	0.8998246226936688
54.6	0.8985918110698818
54.7	0.8974064936752864
54.800000000000004	0.8962737912149916
54.900000000000006	0.8951578680070089
55.0	0.8940828486857416
55.1	0.8931623616575279
55.2	0.8925137518677773
55.300000000000004	0.8921548537522155
55.400000000000006	0.8920094591912185
55.5	0.8919923350914273
55.6	0.892081390782906
55.7	0.8923283352000828
55.800000000000004	0.8927884299968122
55.900000000000006	0.8934379279774396
56.0	0.8941774456328878
56.1	0.894892465603361
56.2	0.8954941026200962
56.300000000000004	0.8959442894830714
56.400000000000006	0.8962595290896472
56.5	0.8964674884720847
56.6	0.8965746748683157
56.7	0.8965860863184038
56.800000000000004	0.8965228848761774
56.900000000000006	0.896403071639758
57.0	0.8962163401303012
57.1	0.8959333797022265
57.2	0.8955455673676902
57.300000000000004	0.8951018952235741
57.400000000000006	0.8947044705352508
57.5	0.8944447445449683
57.6	0.8943473545104494
57.7	0.8943866711699776
57.800000000000004	0.8945288726617455
57.900000000000006	0.8947436797441862
58.0	0.8949913889548281
58.1	0.8952185692779306
58.2	0.8953883965075026
58.300000000000004	0.8955103275722164
58.400000000000006	0.8956248932881461
58.5	0.895766791084037
58.6	0.8959461970911444
58.7	0.8961576846234877
58.800000000000004	0.896398711895958
58.900000000000006	0.8966727796162216
59.0	0.8969884561845012
59.1	0.8973694226767254
59.2	0.8978429085957328
59.300000000000004	0.8983973093760372
59.400000000000006	0.8989545388397917
59.5	0.8993999664259639
59.6	0.8996626530301449
59.7	0.8997571475377006
59.800000000000004	0.899732677468144
59.900000000000006	0.8996071678185532
60.0	0.8993575259977128
60.1	0.8989660991274362
60.2	0.8984743132972247
60.300000000000004	0.8979679677038627
60.400000000000006	0.897517114034881
60.5	0.8971474217107783
60.6	0.8968423434936491
60.7	0.8965617899055721
60.800000000000004	0.8962734365124464
60.900000000000006	0.8959708369071231
61.0	0.8956632397117622
61.1	0.895349568568582
61.2	0.8950089988039447
61.300000000000004	0.8946211049572752
61.400000000000006	0.8942065162097745
61.5	0.8938633669252894
61.6	0.8937362035145883
61.7	0.8939187987356566
61.800000000000004	0.8944005932823105
61.900000000000006	0.8951005098027379
62.0	0.8959301812258318
62.1	0.8968422561304148
62.2	0.8978271989401908
62.300000000000004	0.8988568741202951
62.400000000000006	0.8998432818373394
62.5	0.9006454848189653
62.6	0.9011164372353048
62.7	0.9011916874489141
62.800000000000004	0.9009646372688147
62.900000000000006	0.9006628330301107
63.0	0.9005129120238748
63.1	0.9005892469144284
63.2	0.9007930350456251
63.300000000000004	0.9009739787839135
63.400000000000006	0.90104859419564
63.5	0.9010155647256036
63.6	0.9008890254705335
63.7	0.9006464584634256
63.800000000000004	0.9002681141086191
63.900000000000006	0.8998061083577039
64.0	0.8993722535781352
64.10000000000001	0.8990429788723224
64.2	0.8987769661263029
64.3	0.8984370092563451
64.4	0.8978994619130135
64.5	0.8971429349461927
64.60000000000001	0.8962489220161243
64.7	0.8953372950924091
64.8	0.8945012776988693
64.9	0.8937919670983525
65.0	0.893250511716261
65.10000000000001	0.8929376065874726
65.2	0.8929169176013007
65.3	0.8932076365325828
65.4	0.8937591703491006
65.5	0.894479684024389
65.60000000000001	0.8952961740123591
65.7	0.8961895705498607
65.8	0.8971565611853525
65.9	0.898134707117121
66.0	0.8990061566163611
66.10000000000001	0.8996937246462704
66.2	0.9002325561640745
66.3	0.9007368305273108
66.4	0.9012867688441815
66.5	0.9018465520780842
66.60000000000001	0.9022913938608355
66.7	0.9024944044961625
66.8	0.9024036422607842
66.9	0.9020698752439382
67.0	0.9016015155349609
67.10000000000001	0.9010907389129038
67.2	0.9005743429916687
67.3	0.9000506330751259
67.4	0.8995316752134748
67.5	0.8990697043359185
67.60000000000001	0.8987282118934944
67.7	0.8985383924034384
67.8	0.898478866337734
67.9	0.8984916211035755
68.0	0.8985333754584708
68.10000000000001	0.8986174511383187
68.2	0.89880249538159
68.3	0.8991436634862724
68.4	0.8996438684547345
68.5	0.9002467385458456
68.60000000000001	0.9008780501106741
68.7	0.9014886151065765
68.8	0.9020757030947156
68.9	0.9026659510967515
69.0	0.9032521850754024
69.10000000000001	0.9037640122217531
69.2	0.9041181973411045
69.3	0.9042896229198948
69.4	0.904343645728373
69.5	0.9043963198454472
69.60000000000001	0.9045315535180233
69.7	0.9047571910424679
69.8	0.9050243402275037
69.9	0.9052671379421773
70.0	0.9054153602195114
70.10000000000001	0.9053961394180073
70.2	0.9051801630504773
70.3	0.904827095499404
70.4	0.9044434011239368
70.5	0.9040928875419679
70.60000000000001	0.9037426541241228
70.7	0.9032811451613908
70.8	0.9026204407561746
70.9	0.9017982537992016
71.0	0.9009625451772821
71.10000000000001	0.9002584496394991
71.2	0.8997281593221284
71.3	0.8993048637835654
71.4	0.8988993998527949
71.5	0.8984990711433857
71.60000000000001	0.8981927251541562
71.7	0.8980923609663174
71.8	0.8982304760646703
71.9	0.898559068773686
72.0	0.8990294646229303
72.10000000000001	0.8996437646571472
72.2	0.9004404055213824
72.3	0.9014242156266312
72.4	0.9025137550591684
72.5	0.9035820047195391
72.60000000000001	0.9045381300859797
72.7	0.9053558414455655
72.8	0.9060422417803317
72.9	0.9066005247980052
73.0	0.9070143081484688
73.10000000000001	0.9072502591426906
73.2	0.9072812355985619
73.3	0.9071101412743954
73.4	0.9067682970891607
73.5	0.9063028497208176
73.60000000000001	0.9057591670443398
73.7	0.905160642979598
73.8	0.9045078290896038
73.9	0.9037850838527355
74.0	0.9029676937958772
74.10000000000001	0.902057778010465
74.2	0.9011212135516392
74.3	0.9002651614991396
74.4	0.8995620340370875
74.5	0.8989680740542235
74.60000000000001	0.898318344477456
74.7	0.8974464019699906
74.8	0.8963209440483726
74.9	0.8950741416453387
75.0	0.8939213978412975
75.10000000000001	0.893036280503545
75.2	0.8924757065099302
75.3	0.8922040324894371
75.4	0.8921594353922662
75.5	0.8923058960826531
75.60000000000001	0.8926568939098009
75.7	0.8932647043185024
75.8	0.894185476030072
75.9	0.8954350217153276
76.0	0.8969506331217519
76.10000000000001	0.8985783817050921
76.2	0.9001011927790533
76.3	0.9013165185096714
76.4	0.9021257591480978
76.5	0.9025684287870693
76.60000000000001	0.9027789905112826
76.7	0.9028932152766183
76.80000000000001	0.9029554021878161
76.9	0.9028985173678898
77.0	0.9026339828613505
77.10000000000001	0.9021737727772446
77.2	0.9016485351546218
77.30000000000001	0.9011964158570659
77.4	0.9008495104467267
77.5	0.9005261198700117
77.60000000000001	0.9001207957165042
77.7	0.8996168199679893
77.80000000000001	0.8991143860859201
77.9	0.8987407675767198
78.0	0.8985486226565671
78.10000000000001	0.8985008578295911
78.2	0.8985357759988523
78.30000000000001	0.8986433547605727
78.4	0.8988660480283253
78.5	0.8992176866639133
78.60000000000001	0.899622976342786
78.7	0.8999626819749633
78.80000000000001	0.9001862012335944
78.9	0.9003629426852187
79.0	0.9006047620214219
79.10000000000001	0.9009315611635215
79.2	0.9012204158808521
79.30000000000001	0.9013185224075255
79.4	0.9012150581380786
79.5	0.9010715833427605
79.60000000000001	0.9010767256112854
79.7	0.9012902210698671
79.80000000000001	0.9016187732329481
79.9	0.9019121064512516
80.0	0.902064897025959
80.10000000000001	0.9020341879290794
80.2	0.9018026827870875
80.30000000000001	0.9013644841035676
80.4	0.9007426462821312
80.5	0.9000044011958007
80.60000000000001	0.8992401449545449
80.7	0.8985008138685976
80.80000000000001	0.8977601546022119
80.9	0.8969577724930352
81.0	0.896074829224841
81.10000000000001	0.895173271502075
81.2	0.8943742631251355
81.30000000000001	0.8937803507044264
81.4	0.8933967009738984
81.5	0.8931393810665276
81.60000000000001	0.8929384249131149
81.7	0.8928354118183761
81.80000000000001	0.8929850553507069
81.9	0.8935515296102031
82.0	0.8945702738460685
82.10000000000001	0.895894561510636
82.2	0.8972758490322211
82.30000000000001	0.8984958597377539
82.4	0.8994495748863536
82.5	0.9001506254083251
82.60000000000001	0.9006788388524969
82.7	0.9011181578958759
82.80000000000001	0.9015259357488337
82.9	0.901927211630201
83.0	0.9023160840983924
83.10000000000001	0.9026621042380368
83.2	0.9029161009875402
83.30000000000001	0.9030095389089443
83.4	0.9028705149193835
83.5	0.9024774508246716
83.60000000000001	0.901902507049825
83.7	0.9012755851132533
83.80000000000001	0.9006978326944615
83.9	0.900192890257037
84.0	0.899731049477693
84.10000000000001	0.899299772853109
84.2	0.898944651429201
84.30000000000001	0.8987310319539025
84.4	0.8986768882242105
84.5	0.8987312586768229
84.60000000000001	0.8988218061447122
84.7	0.8989225679188035
84.80000000000001	0.8990568833249881
84.9	0.899233893080264
85.0	0.8993984341338802
85.10000000000001	0.8994559778860075
85.2	0.8993631904752125
85.30000000000001	0.8991853586724319
85.4	0.8990482811378727
85.5	0.899037218165686
85.60000000000001	0.8991333991284511
85.7	0.8992521198470683
85.80000000000001	0.8993577478254615
85.9	0.8995145961210161
86.0	0.8998148242620104
86.10000000000001	0.9002882747121517
86.2	0.9008787376077254
86.30000000000001	0.9014992596547582
86.4	0.9021217115443756
86.5	0.9027800743709998
86.60000000000001	0.9034768273862395
86.7	0.904121885611385
86.80000000000001	0.9045602515646458
86.9	0.9046648735390329
87.0	0.9044234681531863
87.10000000000001	0.9039322051741933
87.2	0.9033153536784551
87.30000000000001	0.902649417116441
87.4	0.9019453869980132
87.5	0.9011924756865328
87.60000000000001	0.9003957423104159
87.7	0.8995816698848319
87.80000000000001	0.8987971469166083
87.9	0.8980924849509517
88.0	0.8975060595271893
88.10000000000001	0.8970640746421066
88.2	0.8967713549521993
88.30000000000001	0.8966109065896348
88.4	0.8965627477395429
88.5	0.896612879846629
88.60000000000001	0.8967382624213017
88.7	0.8968748773564482
88.80000000000001	0.8969185646590556
88.9	0.896795136335392
89.0	0.8965309170350451
89.10000000000001	0.8962517936352519
89.2	0.8961161971863355
89.30000000000001	0.8962155039348993
89.4	0.896521802907878
89.5	0.8969367867806167
89.60000000000001	0.8973732288787027
89.7	0.897790631494689
89.80000000000001	0.8981746872149985
89.9	0.8984968310020571
90.0	0.8987062258177108
90.10000000000001	0.8987574249484824
90.2	0.8986480429941041
90.30000000000001	0.8984396431823488
90.4	0.8982177996043785
90.5	0.8980193904142608
90.60000000000001	0.8978019885597339
90.7	0.8974708857012631
90.80000000000001	0.8969566269043742
90.9	0.8962857975215067
91.0	0.8955639883506664
91.10000000000001	0.8949012972488898
91.2	0.8943596110068398
91.30000000000001	0.8939463776328556
91.4	0.8936434876430864
91.5	0.8934387531299521
91.60000000000001	0.8933357352530633
91.7	0.8933506851997631
91.80000000000001	0.8935115522144786
91.9	0.8938530292070022
92.0	0.8943909779724454
92.10000000000001	0.8950912959007736
92.2	0.8958797785913297
92.30000000000001	0.8966819597668467
92.4	0.8974416801015274
92.5	0.8981360459672892
92.60000000000001	0.8987926967011393
92.7	0.8994578992661492
92.80000000000001	0.9001358782683804
92.9	0.9007563322458728
93.0	0.9011892401710824
93.10000000000001	0.9013225363239852
93.2	0.9011540744313868
93.30000000000001	0.9007975635698843
93.4	0.9003882285441343
93.5	0.8999844431993097
93.60000000000001	0.8995611188356639
93.7	0.8990728740893142
93.80000000000001	0.898495203909947
93.9	0.8978145139300544
94.0	0.897009068068686
94.10000000000001	0.8960713684303612
94.2	0.8950650845688237
94.30000000000001	0.8941354153361329
94.4	0.8934352493186793
94.5	0.8930327719619701
94.60000000000001	0.8928804340293446
94.7	0.8928800760451739
94.80000000000001	0.8929949369147637
94.9	0.893286418173523
95.0	0.8938314255697004
95.10000000000001	0.8946127962106378
95.2	0.8954908366471598
95.30000000000001	0.8962793117648558
95.4	0.8968560537668963
95.5	0.8972188354827089
95.60000000000001	0.8974570972369134
95.7	0.897679620194084
95.80000000000001	0.8979774026556967
95.9	0.8984413875518322
96.0	0.8991600029637613
96.10000000000001	0.900165114289718
96.2	0.9013802241094895
96.30000000000001	0.9026321022953375
96.4	0.9037348281615654
96.5	0.9045687970261447
96.60000000000001	0.9050910066218593
96.7	0.9052995697964106
96.80000000000001	0.9051850401245142
96.9	0.9046990618392295
97.0	0.9037770582130541
97.10000000000001	0.9023955089927409
97.2	0.9006100892033291
97.30000000000001	0.8985553782284712
97.4	0.8964205050452562
97.5	0.8944036560003132
97.60000000000001	0.8926361446017885
97.7	0.8911325178609606
97.80000000000001	0.8898394856626765
97.9	0.8887235906143148
98.0	0.8878029498110319
98.10000000000001	0.8871276228226137
98.2	0.8867288749499436
98.30000000000001	0.8865771561234643
98.4	0.8866013614944112
98.5	0.8867275857796315
98.60000000000001	0.8869011751395908
98.7	0.8870973955587855
98.80000000000001	0.887296351715351
98.9	0.8874672774559177
99.0	0.8876007687759073
99.10000000000001	0.8877189560883305
99.2	0.8878461009351736
99.30000000000001	0.8879847151079128
99.4	0.8881195743715299
99.5	0.8882591764182373
99.60000000000001	0.8884724217123483
99.7	0.8888652999106686
99.80000000000001	0.8895092756593127
99.9	0.89036715620934
100.0	0.8912873763218186
