0.0	3.9252472045177536	3.9199464734954885	3.911269381394515	3.899445419430331	3.8847820049206705	3.8676512671592707	3.8484743929585257	3.827704423301503	3.8058084376670225	3.78325004070461	3.7604729851567456	3.737886638199799	3.7158538413269024	3.694681542551558	3.674614408470859	3.6558314638972145	3.638445665825514	3.622506200132052	3.6080031941732096	3.594874464923641	3.5830138682385306	3.572280778303452	3.5625102063942453	3.553523064942853	3.5451360977350865	3.5371710312479907	3.5294625564850026	3.5218648246368316	3.5142562310207377	3.5065423654811263	3.4986571173851773	3.4905620319220203	3.4822441136798545	3.473712356121973	3.4649933357926175	3.45612624417078	3.447157736819392	3.438136960041486	3.429111072952166	3.4201215225715456	3.411201257031217	3.4023729833434704	3.3936484972210854	3.3850290382932	3.3765065589458545	3.368065742087313	3.3596865645105307	3.3513471793181746	3.3430268833036765	3.33470894264223	3.326383071406697	3.3180473903069307	3.309709735131115	3.3013882326971586	3.2931111134772886	3.284915781148398	3.2768472069684833	3.268955758260586	3.2612946030982353	3.2539168558958558	3.2468726401323202	3.2402062447685793	3.2339535406463282	3.2281398034837006	3.2227780626927	3.21786806212324	3.2133958816367985	3.209334233211793	3.205643400741856	3.2022727677739695	3.1991628398411147	3.1962476469027132	3.1934573940522197	3.190721218658273	3.1879699114050357	3.1851384652798806	3.182168331251622	3.179009279076618	3.1756207903246603	3.171972937095563	3.1680467296163597	3.163833948142618	3.159336501396308	3.154565376441435	3.149539263376742	3.144282972741423	3.1388257018181287	3.133199246056847	3.127436312505219	3.121568968799329	3.115627309492993	3.109638429420108	3.103625732022076	3.097608370103476	3.091601064625417	3.085614212157341	3.0796542382925285	3.0737241469222916	3.0678242307774717	3.061952879838551	3.0561074520627924	3.050285127372737	3.04448361059771	3.0387016699365264	3.032939562554817	3.027199320181515	3.021484813704835	3.0158016090758024	3.010156652607697	3.0045578541625426	2.9990136614215324	2.993532666998561	2.988123177067442	2.9827925228149756	2.9775461397333745	2.9723868187308176	2.967314205022287	2.962324489072598	2.957410331997503	2.952561121290277	2.9477634848818037	2.943001801988255	2.9382586989883084	2.9335156838073164	2.928753954018327	2.923955240760577	2.919102700443152	2.9141817665086824	2.909180875570646	2.9040920537905244	2.898911319989967	2.8936388770270276	2.888279094891489	2.8828403102032025	2.8773344739741487	2.8717766762253705	2.8661845694083046	2.8605777104870906	2.854976846563598	2.8494031757700506	2.843877617342387	2.8384201211886144	2.83304904131771	2.8277805928894604	2.8226284108102355	2.8176032279482053	2.8127126910257054	2.807961329502296	2.8033506856466723	2.79887960270068	2.794544654059078	2.790340681659024	2.7862613989479432	2.782300006452888	2.7784497688312704	2.7747045109326827	2.77105900343429	2.767509222072146	2.764052476141213	2.760687411666669	2.7574139032919005	2.7542328567353063	2.7511459496118205	2.748155340760984	2.7452633757016103	2.7424723082310973	2.739784046164666	2.737199915486902	2.734720429649101	2.732345058550737	2.730072010347368	2.72789804991487	2.725818372962567	2.7238265471022607	2.72191452976089	2.720072769901348	2.718290390587237	2.716555441045913	2.71485520643554	2.7131765661401417	2.7115063910343906	2.7098319661148658	2.7081414196100564	2.7064241356564276	2.704671126341504	2.7028753406127852	2.701031891485524	2.6991381879512115	2.697193962943004	2.6952011932101207	2.693163911295219	2.6910879147340703	2.6889803836025625	2.6868494243144	2.684703564027137	2.6825512248560215	2.680400209526921	2.6782572300387497	2.676127508697603	2.674014476912934
0.2617993877991494	1.4134300764639809	1.4133757629184136	1.413281847523745	1.4131408471307219	1.412940444742622	1.4126628520275673	1.4122843620334748	1.4117752720217651	1.4111003177218624	1.410219695653065	1.409090669641499	1.4076696739530563	1.4059147515805015	1.4037881133564794	1.4012585793116308	1.3983036709680865	1.3949111600248987	1.3910799387834514	1.3868201512571248	1.3821526004544475	1.3771075165338615	1.371722824159709	1.36604208032422	1.3601122645834298	1.353981593882323	1.34769750831259	1.3413049381604707	1.3348449226882255	1.3283536127454365	1.3218616565471104	1.31539394299346	1.3089696601969716	1.3026026175046956	1.2963017755191677	1.2900719284671551	1.2839144850498676	1.277828296520577	1.2718104837395565	1.2658572184883257	1.259964418861878	1.2541283246312316	1.248345926412739	1.2426152322635058	1.2369353664960419	1.2313065072687834	1.2257296808527571	1.2202064403640844	1.2147384643032442	1.2093271148513098	1.203972997280074	1.198675560114544	1.1934327711981174	1.188240898094411	1.1830944129475682	1.177986032657602	1.1729068956115096	1.1678468667887225	1.1627949543195957	1.157739812956556	1.1526703038578547	1.1475760759174203	1.1424481319614959	1.1372793436532902	1.1320648819660342	1.126802535475983	1.1214928961220167	1.1161394010004981	1.110748228326798	1.1053280553518299	1.0998896947172374	1.0944456330026815	1.0890095002970823	1.0835955025468793	1.0782178485007854	1.0728902016626247	1.0676251836553041	1.062433950749311	1.0573258593812374	1.0523082300054747	1.0473862152734268	1.0425627680666543	1.0378387075078115	1.0332128681284334	1.0286823232156947	1.0242426649640122	1.0198883206636613	1.0156129005183523	1.011409554263819	1.0072713105506494	1.0031913897669444	0.9991634772181079	0.995181937205357	0.9912419570492439	0.9873396628199846	0.9834721948920602	0.9796376932214076	0.9758352154993681	0.9720646160970492	0.9683263964860727	0.9646215179345975	0.960951183722302	0.9573166537027307	0.9537191810597263	0.9501599224526069	0.9466397800639489	0.9431592999975638	0.9397186251689711	0.9363174994707248	0.9329553056291495	0.9296311126992913	0.9263437107248222	0.9230916348767981	0.9198732616076826	0.9166870753799068	0.913531941218194	0.9104071541006934	0.9073123802440266	0.9042476224288869	0.9012132221768594	0.8982099078337668	0.8952388621883485	0.8923016343891055	0.889399926132641	0.8865353914904393	0.8837094804833285	0.8809232833243089	0.8781773758193189	0.8754716872570222	0.8728053982203712	0.8701768879987698	0.8675837468117013	0.8650228489549152	0.8624904602791118	0.8599823459035869	0.8574938614400169	0.8550200366511291	0.8525556704066688	0.8500954471119259	0.8476340717587805	0.8451664138589223	0.8426876500622553	0.8401933975028876	0.8376798320575269	0.8351437869084655	0.8325828274736089	0.8299952995487997	0.82738034871664	0.8247379106004404	0.8220686730408193	0.8193740124724453	0.816655907705415	0.8139168352580717	0.8111596516222649	0.8083874693742954	0.8056035354610414	0.8028111204603806	0.8000134262528011	0.7972135161002895	0.7944142664862188	0.7916183359563288	0.7888281442347274	0.7860458555967009	0.7832733630894417	0.7805122733509753	0.777763894488775	0.77502923134301	0.7723089929647611	0.7696036148759191	0.7669132926223577	0.7642380166645806	0.7615775993166313	0.7589316933694952	0.756299809161677	0.7536813352807497	0.7510755623824048	0.7484817055698432	0.7458989196570533	0.7433263034121176	0.7407628923809559	0.7382076428938726	0.7356594113134642	0.7331169328796994	0.7305788041724882	0.7280434724338007	0.7255092338795374	0.7229742419350579	0.720436525391398	0.7178940160234106	0.7153445851728317	0.712786088900298	0.7102164212815105	0.7076335751372879	0.7050357089146042	0.7024212175794029	0.6997888043384903	0.6971375490539511	0.694466968731821	0.6917770657065496	0.6890683600369807	0.6863419038516478
0.5235987755982988	0.04730214615993131	0.04702611439555002	0.04658480073927587	0.04600517755178937	0.045322168218143166	0.04457594891862077	0.0438089885370328	0.04306313072785842	0.04237699793427882	0.041783939055835495	0.041310660499220136	0.04097658751292957	0.04079391281858724	0.04076821499417538	0.04089947891828097	0.041183329414366004	0.041612296716827674	0.04217696378747465	0.04286689290123738	0.04367128278046331	0.04457935856031192	0.04558053741977136	0.04666443803199577	0.04782081056210438	0.049039457346242404	0.050310196569984006	0.051622897491887226	0.05296759146045585	0.05433464273067187	0.0557149499241916	0.05710014406120689	0.05848275183021501	0.059856301227901476	0.061215358244082724	0.06255549515588163	0.0638732009663466	0.06516575112685166	0.06643105640707486	0.06766750995040885	0.0688738481009806	0.0700490357123423	0.07119218151800033	0.0723024846675637	0.07337921023155944	0.07442168948171807	0.07542933988049455	0.076401699606711	0.0773384717132628	0.07823957334804421	0.0791051857044203	0.07993580048693846	0.08073225877778187	0.08149577841382896	0.08222796645832933	0.08293081413304573	0.08360667263602081	0.08425820950013685	0.08488834639842835	0.08550018043031124	0.0860968918144229	0.08668164154972288	0.08725746300034135	0.08782715160652649	0.08839315711266763	0.08895748290418465	0.08952159727309025	0.09008636161929368	0.09065198051868234	0.09121797860696843	0.09178320799123768	0.09234588890752651	0.09290368429274554	0.09345380651217297	0.09399315202221922	0.09451845696288058	0.0950264646412679	0.09551409431675659	0.0959786002141069	0.096417710343941	0.09682973523556981	0.09721364142346867	0.09756908461226532	0.09789640339730124	0.09819657518616232	0.09847114012796904	0.0987221016062392	0.09895180757753697	0.09916282298034126	0.09935780590321128	0.09953939172901635	0.09971009160209843	0.0998722100257739	0.10002778747784336	0.10017855525657773	0.10032590096006364	0.10047086916708328	0.10061418331591548	0.10075627791445438	0.10089734226681196	0.10103737575878871	0.10117625481989348	0.1013137852723964	0.10144970680356097	0.10158372132858356	0.1017155560100684	0.10184500059683951	0.10197191867107938	0.10209624701583947	0.10221798832208837	0.10233720189716358	0.10245399959770429	0.10256854280438349	0.10268100369953936	0.10279146241636344	0.10289982663276875	0.10300584604939939	0.10310913796286572	0.10320918750765781	0.10330533690045238	0.10339674600730081	0.10348235434478881	0.10356093485310475	0.10363119214264016	0.1036918236812267	0.10374155925620762	0.10377919789277767	0.10380365247122458	0.10381399369947042	0.10380948113569227	0.10378957680618167	0.10375393803663302	0.10370239241141585	0.10363490521218294	0.1035515503082853	0.10345248794377931	0.10333794479909617	0.10320819040869451	0.10306350837025924	0.10290416523454235	0.10273038151929527	0.1025423084983257	0.10234001291367253	0.10212347058174327	0.10189256921744824	0.1016471204527032	0.10138688071310516	0.10111158021610472	0.10082095887741674	0.10051480744089773	0.10019301174393017	0.09985559767089877	0.09950277395340909	0.09913496954011045	0.09875286191942102	0.09835739277757842	0.09794976795393073	0.09753143992321717	0.09710407283937922	0.09666949209791784	0.09622962190940083	0.09578641520599042	0.09534178033673006	0.09489750868354484	0.09445520676911909	0.09401623569710935	0.09358165991677635	0.0931522067105281	0.09272823818929408	0.09230973899917186	0.09189632334840787	0.09148726182029673	0.09108152350508712	0.09067782760760094	0.09027470197744458	0.08987054927886663	0.08946372110702153	0.08905259738265997	0.08863566607553548	0.0882115981284914	0.08777931345074635	0.0873380349042791	0.08688732803936602	0.08642712506556835	0.0859577322897874	0.08547982106685273	0.08499440319852862	0.08450279264171567	0.08400655625056336	0.08350745694800536	0.08300739307132439	0.08250833759838942	0.08201228057919643	0.08152117750765106	0.08103690572569189	0.0805612303473938	0.08009578062618773	0.0796420371139068	0.07920132933444111	0.07877484301524301	0.0783636352205355
0.7853981633974483	0.4193991217157776	0.41873004684518406	0.4176297393921198	0.4161178391592447	0.4142188707987885	0.411960286748128	0.40937042066953616	0.4064766084930317	0.4033037033742247	0.39987314873592583	0.3962026903489191	0.3923067173263823	0.38819713683623447	0.3838846205588908	0.37938002121613623	0.3746957489268125	0.3698469186769041	0.36485212622604934	0.35973377139332396	0.35451791435859503	0.3492337121201513	0.3439125301970569	0.33858685374420217	0.3332891307226127	0.32805066932346894	0.3229006868665578	0.3178655738673641	0.3129684012464528	0.3082286663466507	0.3036622485687384	0.29928153010194564	0.2950956315188338	0.29111071443888403	0.28733031155129285	0.28375565519233303	0.2803859868116983	0.27721883911782264	0.2742502894099824	0.27147518637434304	0.26888735388878343	0.26647977497342223	0.2642447578560321	0.26217408496375577	0.26025914498701347	0.25849104814647694	0.25686072531611337	0.2553590124374773	0.25397672238626	0.25270470687124613	0.25153391093722344	0.2504554222290003	0.24946051648852008	0.24854069999191072	0.24768774897299758	0.24689374564961408	0.2461511103122232	0.24545262900930248	0.24479147657496875	0.24416123496855793	0.24355590705561012	0.24296992597779282	0.24239816018013288	0.2418359140259434	0.24127892382968813	0.24072334915539237	0.24016575940048135	0.23960311599368134	0.23903275127539822	0.2384523446061506	0.2378598979053233	0.23725371179841873	0.2366323637560408	0.23599468918359878	0.23533976541697368	0.2346668982396614	0.23397560969619807	0.23326562567194314	0.23253686160410725	0.23178940522419428	0.23102349654041518	0.23023950413912594	0.22943789979075654	0.2286192335976303	0.22778411266330878	0.22693318519050473	0.22606713224580635	0.22518667116126045	0.22429256980149326	0.22338566629317397	0.2224668956100677	0.22153732074148202	0.22059816474559754	0.21965083533908294	0.21869694592148156	0.21773834433017708	0.21677710609484335	0.21581551381596123	0.21485603399196082	0.21390128338536837	0.21295397837543714	0.21201687107733086	0.2110927070413673	0.21018423645474607	0.20929417752518117	0.2084251341513684	0.20757955220671878	0.20675969605257727	0.20596762668962101	0.20520517959040954	0.20447394011555026	0.20377521342707333	0.2031100005897627	0.20247902619756722	0.2018828243223623	0.20132175866483742	0.20079594147226978	0.20030518053810745	0.19984897369783602	0.1994265253778406	0.1990368132484892	0.1986786471790389	0.1983506008974928	0.19805092733521226	0.19777756747824282	0.19752818994686447	0.19730020621566186	0.19709078534045055	0.19689687904359718	0.19671525356602318	0.19654253260936264	0.1963752510132552	0.19620991256487338	0.1960430416289397	0.19587122125845008	0.1956911187310318	0.19549950512003	0.19529327459531035	0.19506946543272363	0.194825282530055	0.1945581209600918	0.19426559033823412	0.19394553979703405	0.19359608316785262	0.19321562378907556	0.1928028783245881	0.1923568990957217	0.191877094612965	0.19136324808290647	0.19081553353494038	0.19023452889236447	0.1896212249919868	0.18897702941097574	0.18830376401021043	0.187603655273293	0.18687931675490382	0.18613372319910365	0.1853701760416549	0.18459226001779383	0.18380379061696103	0.18300875245968248	0.18221122947656937	0.1814153288926984	0.1806251021593415	0.17984446694522996	0.1790771350555374	0.17832655147643625	0.17759584894963967	0.17688781977960286	0.17620490279679352	0.17554918197262545	0.1749223961204157	0.1743259618769857	0.17376100930943036	0.17322842448335207	0.17272889273231865	0.17226293908067028	0.17183096359633018	0.17143326908889314	0.17107007871370244	0.1707415421253639	0.17044773005407868	0.17018861816219852	0.16996406181943255	0.1697737640817736	0.16961723965625838	0.1694937779290675	0.1694024081839467	0.16934186992854688	0.16931059081193078	0.16930667404209132	0.169327896611399	0.16937171910422422	0.1694353074176321	0.1695155663082144	0.16960918417893867	0.16971268788314792	0.16982250561116546	0.1699350352960073	0.17004671558361814	0.17015409632799564
1.0471975511965976	0.18985769693616955	0.18966978357316608	0.18937243382079422	0.18898820212068504	0.18854597428717623	0.1880784967473866	0.18761969613400473	0.18720208472885494	0.18685452011240536	0.1866005258465532	0.1864572945874803	0.1864353993516159	0.18653914726105503	0.18676743599001341	0.1871149258245864	0.18757332441144786	0.1881325963278226	0.18878195019908664	0.1895105133406486	0.19030766715385064	0.19116307524625592	0.19206648181701297	0.19300738468922646	0.19397469360930003	0.19495647176944536	0.1959398315057052	0.19691102007739544	0.19785569509092454	0.19875935749028187	0.1996078874475877	0.200388117166224	0.20108837460157722	0.20169894163268362	0.20221238629158467	0.2026237477890755	0.20293057195597888	0.20313281072911762	0.20323261081203534	0.20323402302932114	0.2031426654635093	0.20296537113843405	0.20270984603334793	0.20238435684757458	0.2019974612709671	0.20155778733488403	0.20107386318232864	0.20055399448949954	0.200006183790142	0.19943808399684437	0.19885697735219568	0.19826977076440228	0.1976829988960932	0.19710282739825724	0.19653505021282247	0.19598507677001803	0.19545790699934837	0.19495809414599805	0.19448969722291287	0.19405622635473552	0.19366058515414175	0.19330501459501986	0.19299104264572012	0.19271944333490576	0.19249020810313522	0.19230253141918544	0.1921548118588956	0.19204466922747773	0.1919689778142189	0.19192391590797953	0.19190503097468237	0.1919073201206446	0.1919253248942637	0.19195323892607	0.19198502639052464	0.19201454827724226	0.19203569278875252	0.1920425055975078	0.1920293152887934	0.19199084912801154	0.19192233481735582	0.19181958457898268	0.19167905976438004	0.1914979123105402	0.1912740043800546	0.19100590673217407	0.19069287763842901	0.19033482342143007	0.1899322423490063	0.18948616213947891	0.1889980675303184	0.1884698236102734	0.18790359989387073	0.18730179901261676	0.1866669824051593	0.18600180081031925	0.18530894779545393	0.18459111820920743	0.1838509749784529	0.18309113284694034	0.1823141570865772	0.18152257556975285	0.18071888447861822	0.17990553266918533	0.17908493651872182	0.1782595130303594	0.1774316882204408	0.1766038973801327	0.1757785815929527	0.1749581784437289	0.17414510967206923	0.17334176949457775	0.17255050483282297	0.17177356036850938	0.17101299500378342	0.17027063888721714	0.1695480879182034	0.16884667449884017	0.1681674345241674	0.16751107766283127	0.16687795530345764	0.16626807159696594	0.16568115293627933	0.16511668761779663	0.16457393030572182	0.16405192176864686	0.1635495170675268	0.1630654178682153	0.16259820184257293	0.16214634404272807	0.16170823200070844	0.16128217484943558	0.16086640870935345	0.16045910200844313	0.1600583629334653	0.15966224923543443	0.15926878039167267	0.1588759526919803	0.15848175770012846	0.1580842040872353	0.15768134267952924	0.15727129456749409	0.15685228197231202	0.156422661239649	0.1559809569945521	0.15552589628978802	0.1550564415502563	0.15457182119810442	0.15407155694603847	0.15355548679960707	0.1530237827616219	0.15247696205469075	0.15191589043719642	0.15134177610161817	0.1507561529512454	0.1501608527630817	0.14955796660210455	0.14894979657896565	0.14833879956210205	0.14772752484114768	0.14711854807318395	0.14651440414941191	0.14591752184558243	0.14533016313418862	0.14475436969931038	0.14419191849864918	0.1436442873986546	0.14311263142070046	0.14259777030390242	0.14210018842540223	0.14162004735711195	0.14115720940407095	0.14071126952481403	0.14028159406121588	0.1398673655630544	0.13946763241042556	0.13908136089406717	0.13870748653377224	0.13834496093743817	0.13799279080054672	0.1376500665331809	0.1373159789807756	0.13698982356378644	0.1366709919358921	0.1363589520157589	0.13605321801619089	0.13575331287388118	0.13545872622219612	0.1351688716435516	0.134883047252612	0.13460040358567124	0.13431992227440898	0.13404040813717605	0.13376049627091902	0.13347867460843463	0.13319332129197128	0.13290275511871327	0.13260529624325046	0.13229933332857982	0.13198339253185015	0.13165620324236127
1.3089969389957472	0.31884542626173035	0.31811448545174603	0.3169149395118608	0.3152729848646795	0.31322249324469237	0.31080278429254704	0.3080562332420429	0.3050259864264108	0.30175402753387526	0.29827977464579986	0.294639302778129	0.29086519274122646	0.28698691923808173	0.2830316222122093	0.2790250648447143	0.2749925735988357	0.27095977921529	0.26695302656401243	0.26299938615453783	0.25912626953210655	0.2553607136075545	0.25172844609189066	0.24825286988371556	0.2449541067138092	0.24184822167577358	0.23894671566599707	0.2362563293336084	0.23377915753659356	0.23151303435860807	0.22945212050324482	0.22758761001267558	0.22590847195237193	0.22440215303241917	0.22305518568910798	0.22185366883270208	0.22078361127361146	0.2198311474792925	0.21898264960216035	0.21822476770290208	0.21754443195429415	0.21692884739124113	0.2163655050259587	0.2158422245785919	0.21534723524488464	0.2148692930535511	0.21439782724339085	0.21392310407156148	0.21343639454947452	0.2129301325385777	0.21239805102882242	0.21183528682198902	0.21123844681952864	0.21060563229186172	0.20993642057306575	0.20923180633937102	0.2084941068188009	0.20772683683095586	0.20693456042773756	0.20612272611299956	0.20529749226167834	0.20446554855652346	0.20363393821685052	0.2028098846882182	0.20200062548336994	0.20121325514536584	0.20045457890884652	0.19973097855011054	0.19904829230699822	0.1984117103133776	0.19782568827399125	0.19729388116899121	0.19681909882841028	0.19640328445377675	0.19604751588370029	0.19575202829754346	0.19551625551550927	0.19533888582322162	0.19521792725722178	0.19515077731509875	0.19513429118905568	0.19516484445638643	0.19523838624667342	0.19535048241460348	0.19549634708172528	0.19567086528141445	0.19586861025615493	0.1960838578383498	0.19631060426427538	0.19654259018978334	0.19677333663363933	0.1969961941051236	0.1972044095863608	0.19739120947055022	0.19754989473130405	0.1976739552530741	0.19775718392034233	0.19779380140131017	0.1977785756173323	0.19770693543005577	0.19757506911625963	0.19738000378503784	0.197119680293312	0.19679302710450447	0.1963999857658371	0.19594149550383505	0.19541946741794913	0.19483673319355557	0.19419697084433885	0.1935046110723854	0.19276472680944454	0.19198291110811114	0.1911651598704136	0.1903177876070024	0.1894473521165773	0.18856052756577624	0.18766396173134295	0.1867641656570054	0.1858674133071414	0.18497966954983672	0.18410655351428526	0.18325326789723348	0.1824244877912009	0.18162430075801944	0.18085618096988104	0.1801229613906332	0.17942681257996987	0.17876923746134846	0.1781510761348136	0.17757251882154582	0.17703313145901342	0.1765318928587389	0.17606723948462458	0.17563711307314944	0.1752390073588503	0.17487001258587156	0.17452685855855055	0.17420595796614885	0.17390345182672381	0.17361525842700637	0.17333712640535925	0.17306469196374066	0.17279353978417974	0.17251926706740145	0.17223755009133268	0.17194421268455073	0.17163529598541485	0.17130712881748858	0.1709563979075307	0.17058021691138986	0.17017619277306414	0.16974248740279527	0.16927787209798492	0.1687817715630207	0.16825429389761734	0.16769624279345446	0.1671091087045066	0.16649503695418544	0.16585677231457452	0.1651975812090921	0.1645211542107028	0.16383149294392424	0.16313278685026664	0.1624292864414812	0.16172518045088838	0.16102448446271866	0.16033094785806684	0.15964798388874357	0.15897862431482632	0.15832549652085887	0.15769081955664724	0.15707641632487135	0.1564837392597889	0.15591390491115803	0.1553677312668151	0.1548457722571994	0.1543483455871325	0.15387555135086073	0.1534272799302227	0.15300320915695412	0.15260279249619807	0.1522252414561576	0.15186950624213097	0.15153425890133596	0.15121788298956143	0.1509184732376722	0.15063384787250636	0.15036157521339721	0.15009901499903253	0.14984337368955408	0.14959177181983258	0.1493413204197278	0.14908920262732492	0.14883275597424872	0.14856955050606027	0.1482974580039597	0.14801470815900042	0.14771992861560743	0.14741216724107253	0.14709089656943058	0.14675600183118062
1.5707963267948966	0.21920593989944748	0.2190360823039359	0.2187676896737485	0.21842141674756377	0.2180234852504247	0.21760332139133987	0.21719100383741685	0.2168148124644118	0.21649913981531588	0.21626296422525182	0.2161189968258146	0.21607351823057586	0.21612682959091167	0.21627417025071505	0.2165069100596364	0.21681381307254	0.21718218986695892	0.21759880201465254	0.21805044461257106	0.21852419965695036	0.21900741311703786	0.21948749262817135	0.21995164504906994	0.22038667212012264	0.22077892054892478	0.22111444570526095	0.22137940336910245	0.221560639772294	0.2216464137206815	0.22162716107670166	0.22149620387559754	0.22125031364140668	0.22089005847781795	0.2204198919863718	0.2198479739971564	0.2191857436028699	0.2184472900560167	0.21764858406782794	0.21680663982693582	0.21593867698019586	0.21506134338190752	0.21419004584000545	0.21333841985709046	0.21251795283535402	0.21173776031102842	0.21100450283007044	0.21032242275486523	0.20969347570239738	0.2091175301023297	0.20859260987304595	0.20811515864254393	0.2076803084697867	0.20728214090986175	0.2069139329095364	0.2065683839814657	0.206237824116289	0.2059144038442886	0.20559026877852604	0.2052577210035207	0.2049093690284467	0.20453826698361655	0.20413804257268886	0.20370301226683996	0.2032282815431019	0.202709827754886	0.2021445635154342	0.20153037919256356	0.20086616413642755	0.20015180756750628	0.19938818078145637	0.19857710341311474	0.1977212967026093	0.19682432660322358	0.1958905390873804	0.19492498904711142	0.19393336324493815	0.192921896855074	0.1918972824585119	0.19086656974884708	0.18983705595335665	0.18881616517018518	0.18781131809408913	0.18682979391062027	0.18587858813708225	0.1849642705576593	0.18409284898436395	0.1832696446578993	0.18249918234812212	0.18178510214474097	0.18113009552346693	0.1805358673960299	0.18000312438275867	0.17953158832316463	0.1791200262956152	0.17876629976809233	0.1784674286500041	0.17821966414828572	0.17801856920866777	0.1778591042929928	0.17773571708772884	0.17764243452817108	0.17757295190493427	0.17752072270941666	0.1774790484807396	0.17744117254135938	0.1774003834117306	0.17735012364441016	0.1772841027964388	0.17719641320420187	0.1770816459877298	0.17693500513674454	0.17675240943252746	0.17653056685174118	0.17626703664711174	0.17596028209717685	0.175609688992593	0.175215556610971	0.17477906953075295	0.17430223633804653	0.1737878167438941	0.1732392789442292	0.17266072955237344	0.17205678567435156	0.17143243984839285	0.17079293545346008	0.17014364258019987	0.1694899394692182	0.16883709655886314	0.168190163060575	0.1675538602901424	0.1669324820153233	0.16632980264797081	0.16574899568621926	0.16519256554655903	0.16466229602967208	0.16415921799632016	0.1636835974493831	0.1632349439869436	0.16281203919571974	0.16241298466315435	0.16203526914792266	0.16167585374747173	0.1613312728564572	0.16099774769825803	0.16067130846881283	0.1603479206909464	0.16002361115511132	0.15969458874213638	0.15935735549098062	0.15900880356480918	0.15864629435621558	0.15826771689188857	0.1578715239542564	0.15745674587042247	0.15702298349501875	0.1565703831574079	0.15609959696732856	0.1556117318852963	0.15510829063081766	0.15459110712819868	0.1540622789262095	0.15352409882180285	0.15297898762094286	0.1524294295006231	0.1518779108863727	0.15132686338144163	0.15077861134963844	0.1502353252284362	0.1496989819298069	0.14917133325654897	0.14865388282705705	0.14814787247073602	0.14765427958677624	0.1471738263840332	0.146707000651911	0.1462540864605133	0.14581520205382836	0.14539034143634966	0.14497941606616005	0.14458229348380747	0.14419883026864944	0.14382889727259363	0.14347239565465486	0.1431292628662395	0.1427994684200904	0.1424829999852676	0.1421798410313877	0.14188994183401504	0.14161318610105067	0.14134935577136354	0.14109809668600048	0.14085888785955247	0.1406310169849786	0.14041356456280207	0.14020539861824566	0.14000518133336026	0.1398113880808154	0.13962233834999083	0.13943623700718089	0.13925122338215312
1.832595714594046	0.2907975228800868	0.29004962304903237	0.288824756037834	0.2871543977057399	0.2850799997979003	0.2826504414872918	0.2799192207491543	0.2769416742823761	0.2737724885073086	0.2704637039828049	0.26706333203295485	0.2636146093125391	0.2601558281554579	0.25672061090782067	0.2533384544118307	0.2500353606815329	0.24683439040669886	0.24375602108393787	0.2408182515441117	0.23803645795093903	0.23542306187777187	0.23298710995235544	0.23073388150236837	0.22866463455831834	0.22677657444875632	0.22506308922845403	0.2235142503429549	0.22211753359067948	0.22085868178084486	0.2197226114103995	0.21869426321173135	0.21775930962437942	0.21690465769958311	0.21611871858280818	0.21539144882677663	0.2147141990250273	0.21407942747023206	0.21348034828449874	0.21291058416808487	0.21236388471467296	0.21183395460210436	0.2113144151000212	0.21079890062311338	0.21028127253498863	0.20975591737848118	0.20921808754161775	0.20866423945943832	0.20809232733074798	0.20750201786929343	0.2068948022849353	0.20627399383684217	0.20564461133962042	0.2050131596152774	0.20438732611680124	0.20377561825972831	0.2031869682487588	0.20263033158942087	0.20211430252331064	0.20164676499083198	0.20123459218457598	0.2008834020521764	0.20059737092958121	0.20037910334345743	0.2002295532361213	0.20014799054002932	0.20013200704062997	0.2001775565171521	0.20027902604619013	0.2004293365868365	0.20062007343132168	0.20084164722657116	0.2010834865438815	0.20133426198783255	0.2015821398585207	0.2018150611122292	0.20202103862825194	0.2021884634246745	0.2023064084989896	0.20236491875574172	0.20235527315232726	0.20227020977144378	0.20210410464627857	0.2018530963364881	0.20151515462038264	0.2010900920825687	0.20057952258686557	0.19998676787056063	0.1993167215943379	0.1985756803111193	0.19777114291880366	0.19691159006212278	0.19600625090862742	0.19506486295264341	0.19409742684826894	0.1931139740553751	0.19212434164428074	0.19113795626691618	0.19016364052219203	0.18920944270224602	0.18828249143657458	0.1873888806773637	0.1865335950648147	0.1857204727660347	0.18495220404646598	0.18423035324939474	0.18355540071153242	0.18292680732686376	0.1823430958779369	0.18180194275501552	0.1813002746504104	0.18083436677678802	0.18039994663136455	0.17999231185752262	0.1796064351948998	0.17923705094753523	0.17887874021980524	0.1785260059831785	0.1781733594075008	0.17781543710551537	0.17744712899410534	0.17706367185049574	0.17666074829001183	0.1762346026667133	0.17578215467845015	0.17530110702211069	0.1747900335189981	0.17424844477652604	0.1736768209297788	0.17307660833024105	0.17245018425164196	0.17180079042340932	0.17113243585914198	0.17044976947118962	0.16975792364789913	0.16906233309191362	0.16836853751744502	0.16768197922020622	0.16700780619799685	0.16635068996880364	0.16571466576636967	0.16510300147112014	0.16451810021996707	0.16396144009999802	0.1634335527568972	0.16293404121314925	0.16246163573284292	0.16201428518289626	0.16158927996242245	0.161183401135144	0.16079308890917046	0.16041462215840088	0.1600442994229538	0.15967861097343367	0.15931439136510503	0.15894894273721483	0.15858012104065403	0.15820638020081446	0.15782677251393795	0.15744090691974202	0.1570488699544565	0.15665111707847412	0.15624834458890421	0.15584135422482365	0.15543092350127355	0.15501769445698704	0.15460209167373035	0.15418427703689408	0.15376414405528863	0.15334134984072323	0.15291537955467968	0.1524856361237733	0.15205154597334056	0.15161266964970593	0.1511688059774978	0.15072008005969909	0.15026700771896828	0.14981053108309195	0.14935202228759475	0.14889325497780295	0.14843634600662192	0.14798367190082726	0.14753776612436054	0.1471012039906369	0.14667648240774803	0.1462659015777587	0.1458714553723722	0.14549473641431876	0.14513686093661107	0.14479841728671305	0.14447944050912814	0.14417941383117855	0.14389729619612038	0.14363157337285187	0.14338032875621085	0.14314132885633654	0.14291211772380735	0.14269011421415637	0.14247270609601131	0.14225733556834075	0.14204157175650686
2.0943951023931953	0.22928610693534812	0.2291223852764264	0.2288634173554952	0.22852845869557578	0.2281417635168727	0.22773031941661934	0.22732140120059693	0.22694022611753464	0.22660796590098756	0.22634031033215782	0.22614669298919474	0.22603019616196207	0.2259880631751811	0.22601267560919483	0.2260928095396309	0.22621497334362428	0.22636464880703994	0.22652730124704898	0.2266890835689528	0.22683722231310463	0.22696012985969927	0.227047327285337	0.2270892816843808	0.22707725901515963	0.22700327162710648	0.22686016460880282	0.22664184477142627	0.22634361846031792	0.22596257624017715	0.22549794826068595	0.22495135530608978	0.2243268957930388	0.22363103456362574	0.22287229000973324	0.22206074623573574	0.2212074416058106	0.22032370052540803	0.21942047993900513	0.2185077960050374	0.2175942816407801	0.21668690519756023	0.21579085804507117	0.21490959781567434	0.21404501733991835	0.21319769874386021	0.2123672084796793	0.21155239183411725	0.21075163343745423	0.20996306164664563	0.20918468734737758	0.20841447975926458	0.2076503916391083	0.20689035278067447	0.20613225341392377	0.20537393808988275	0.2046132264568977	0.2038479709008388	0.20307615343931035	0.202296016678581	0.20150621709807615	0.20070598426276348	0.19989526730081578	0.19907485032164324	0.1982464212394217	0.19741258325762776	0.1965768043773527	0.1957433068695301	0.1949169048976811	0.19410280360313265	0.19330637619461966	0.1925329370183168	0.19178752768784837	0.19107473065726324	0.19039852051709485	0.18976215839985602	0.18916812994157808	0.18861812289002333	0.18811303719132316	0.18765301813467003	0.18723750464071964	0.1868652826219711	0.18653453788037289	0.1862429054366037	0.18598751396400598	0.1857650269125328	0.18557168375093136	0.18540334628132335	0.18525555142189293	0.18512357464786697	0.18500250696088405	0.1848873444756148	0.18477308870576925	0.18465485440432003	0.1845279767187414	0.184388118403222	0.18423136683022223	0.18405432172192598	0.18385416789114176	0.1836287315217482	0.18337651936478291	0.183096738168623	0.1827892920447594	0.18245476686647913	0.1820943822130009	0.18170992045556664	0.1813036512657703	0.1808782415317851	0.18043665442802279	0.17998204129373718	0.17951762917222366	0.1790466097975275	0.1785720293686089	0.1780966782370456	0.17762300517410645	0.17715303807088859	0.17668830039549185	0.17622976215082353	0.17577781779166615	0.1753322768721475	0.1748923969947588	0.17445698133181942	0.1740244536563491	0.17359291445141245	0.17316021643974372	0.17272405395298557	0.17228206120603595	0.1718319173463814	0.17137144749708708	0.17089871518973634	0.17041210573936466	0.16991039555829435	0.1693928027869284	0.16885901685883883	0.1683092068840266	0.16774401040072717	0.1671645044001899	0.16657216003890557	0.1659687823474869	0.16535643707115952	0.16473736810372167	0.16411391007518597	0.16348840112876242	0.16286310083019948	0.16224011772192265	0.16162135042069742	0.1610084453948825	0.16040277361737287	0.15980542714078333	0.1592172352985115	0.15863879879998458	0.1580705386199378	0.1575127554322828	0.15696569452726142	0.15642961076574613	0.15590482818803478	0.1553917893119959	0.1548910897755745	0.15440349473248388	0.15392993437172284	0.15347147722409007	0.1530292815569158	0.15260452697696925	0.15219833008500433	0.15181164940628766	0.1514451857454668	0.15109928461861116	0.15077384760068435	0.1504682592510409	0.15018133550976326	0.14991129830007652	0.14965578048667638	0.14941186520658958	0.14917616202205325	0.14894491891038342	0.14871416549667846	0.14847988004029936	0.14823817033916598	0.14798545706377267	0.14771864738020812	0.1474352870565479	0.14713368041018213	0.14681296937928748	0.14647316568254576	0.14611513336818047	0.1457405227815838	0.14535166070504144	0.14495140471725954	0.14454297233107108	0.14412975697859862	0.14371514336153438	0.14330233413765386	0.14289419852321938	0.14249315133546359	0.1421010684633868	0.1417192419242779	0.14134837473166698	0.14098861296286935	0.14063960985102544	0.14030061459962084	0.13997057708049732
2.356194490192345	0.2801225090466274	0.27936834375678077	0.2781353306829633	0.2764590932354302	0.2743869653196149	0.2719750808970192	0.26928510363380287	0.2663809065160833	0.2633254918576868	0.26017838792648934	0.25699367925384853	0.253818736604429	0.250693623614543	0.2476510829793046	0.24471695518324005	0.24191086186525332	0.23924699359942525	0.23673487309281077	0.23438001104741218	0.23218442303133463	0.23014702174805604	0.22826393219597158	0.22652879275350019	0.2249331024045355	0.22346665594228282	0.22211808061036012	0.2208754562488402	0.2197269735668972	0.2186615672516896	0.2176694555098496	0.21674252583965492	0.21587452625595702	0.2150610477596588	0.21429931244172745	0.21358780712883144	0.21292582075401756	0.2123129521296459	0.21174865288407546	0.21123185919922127	0.21076074827235647	0.21033263454443857	0.2099440002316188	0.20959063761515273	0.20926786899677316	0.2089708051605445	0.2086946043970105	0.2084347004927203	0.20818697780290032	0.20794788260438293	0.20771447048490982	0.20748439807245447	0.20725587301244847	0.2070275784375148	0.20679858747406885	0.2065682802473592	0.2063362712965989	0.20610235028866175	0.20586643434734864	0.20562852691920744	0.20538867635027988	0.20514692739598073	0.20490326062356756	0.20465751771511737	0.2044093144974053	0.204157947472925	0.2039023030456299	0.20364078094106658	0.20337124432894887	0.20309100755743373	0.20279687068764052	0.20248520507489567	0.20215208941753365	0.20179349015331108	0.2014054747607581	0.2009844424222276	0.2005273537776586	0.20003194080555495	0.19949687906287766	0.1989219084639122	0.1983078910375304	0.19765680346002262	0.19697166526295437	0.19625640937800212	0.19551570685267272	0.19475476012067355	0.19397908153291712	0.1931942702376182	0.19240580334009852	0.1916188530934687	0.1908381359196772	0.19006779820996106	0.18931134148843382	0.1885715851881099	0.18785065842791443	0.18715002307791537	0.1864705204919514	0.18581243356294716	0.1851755592900449	0.1845592880738716	0.1839626835135341	0.18338456112302615	0.1828235699714274	0.1822782690215833	0.18174719784059562	0.18122893789381206	0.180722159102527	0.18022565116331649	0.17973834288097215	0.17925931017983066	0.17878777254091913	0.17832307990893825	0.1778646986062239	0.17741220472843347	0.17696525888370032	0.1765235686193692	0.17608685887951017	0.17565482954648082	0.17522711243489514	0.17480325535052751	0.1743827181544302	0.17396484035348186	0.17354882617903922	0.17313375636191333	0.17271860374780973	0.1723022581361641	0.17188355933178667	0.17146133808258424	0.17103445602564402	0.1706018429571802	0.17016253546537063	0.16971571611401545	0.16926075065244553	0.1687972197594926	0.16832494129623565	0.1678439802577981	0.1673546461209149	0.16685747921577132	0.1663532281942946	0.1658428203550849	0.16532732640037304	0.16480792128428048	0.16428584298474003	0.16376235122870245	0.16323868843034528	0.16271604531445943	0.1621955337731285	0.16167816930604997	0.161164864824826	0.16065643664837242	0.16015362225999735	0.15965710796070742	0.15916756308831082	0.1586856761972894	0.15821218780571386	0.15774791426601006	0.15729375805620402	0.15685070112738062	0.15641977957785871	0.15600203960970255	0.15559847635355067	0.155209958717064	0.15483714490985537	0.15448039463059116	0.15413968490079036	0.15381453701370226	0.1535039618634521	0.1532064298447826	0.15291986958363799	0.1526416976214204	0.1523688795707569	0.15209802157311564	0.15182548820409048	0.15154754036733536	0.15126048548932564	0.15096083194396348	0.15064543930316443	0.1503116558466196	0.14995743520070726	0.14958142520996387	0.14918302406278003	0.14876240098184723	0.148320481130701	0.14785889656624246	0.14737990696095515	0.14688629536886016	0.14638124549721623	0.14586820775742088	0.1453507617657407	0.14483248288941913	0.14431681984147884	0.14380698922894614	0.14330589144161457	0.1428160504795754	0.1423395784228006	0.14187816339316708	0.14143307817584314	0.14100520527748403	0.1405950732328081	0.14020289854686646	0.13982862785012817
2.6179938779914944	0.23328470722258052	0.23312338622597076	0.2328678934358214	0.23253655744167376	0.23215233797077223	0.23174063655746646	0.2313269289042309	0.23093449411808134	0.2305824924240558	0.23028458642854516	0.23004822107572767	0.22987458684299575	0.22975920321575077	0.2296929875972481	0.2296636278812265	0.22965705975148745	0.2296588621535066	0.22965542144998313	0.22963476819166082	0.22958705008719202	0.22950466061190572	0.22938208652513975	0.22921556417767774	0.22900264230446885	0.22874173989804367	0.22843176631948017	0.2280718430938253	0.22766113907134836	0.2271988079676794	0.2266840029639586	0.2261159380208883	0.22549396868824845	0.22481767377799933	0.22408692989337872	0.22330198018782713	0.22246350444552745	0.221572698504756	0.22063136744732093	0.21964203026825038	0.21860802602629845	0.2175336049881322	0.21642398483907976	0.2152853526690374	0.21412479821789462	0.21295017193732396	0.21176987128988695	0.21059256855463993	0.20942690151712012	0.20828115347900528	0.2071629503409008	0.2060790000924934	0.20503489450757004	0.20403498524601812	0.20308233817414859	0.20217876175868396	0.20132489886635493	0.20052036685518632	0.1997639287182043	0.19905367811752164	0.19838722301779346	0.19776185573838792	0.19717470097260562	0.19662283711516348	0.19610338965043658	0.19561359808986006	0.19515085986232875	0.19471275562097579	0.19429706072378694	0.19390174739005636	0.1935249810550575	0.1931651135198146	0.19282067422410343	0.1924903598518302	0.19217302158886693	0.19186764880261403	0.19157334776120255	0.19128931438404675	0.19101480071349278	0.19074907537561483	0.19049138126518322	0.19024089142569617	0.18999666797684245	0.18975762747418748	0.1895225169392229	0.18928990321787154	0.18905817790090715	0.1888255781572692	0.1885902201781314	0.18835014535932584	0.18810337348355785	0.18784795955085937	0.1875820501738003	0.18730393462544787	0.18701208293686114	0.18670517924919286	0.18638213929871836	0.18604211703863877	0.1856845042379828	0.1853089241918407	0.18491522248451184	0.18450345542435517	0.1840738745925731	0.18362691691131783	0.1831631862374858	0.1826834269051089	0.18218850571566556	0.18167939665368502	0.18115716502059948	0.18062295150093086	0.1800779558193116	0.17952342124268644	0.1789606157830087	0.17839080792281448	0.17781525963240336	0.17723521316923574	0.17665185420692986	0.1760662900489219	0.17547954024014853	0.17489251981801354	0.17430604375935754	0.17372088046419282	0.17313777173816947	0.17255741069601227	0.1719804276794043	0.17140738683615644	0.17083878515184875	0.17027505852745034	0.1697165887657225	0.16916370891923888	0.16861670967917314	0.16807584532950942	0.1675413376721889	0.1670133773620356	0.1664921229390943	0.16597769886992653	0.1654701943834007	0.16496966411453837	0.16447613034546754	0.16398958615704604	0.1635099991687516	0.16303731605526003	0.162571468209642	0.16211237877812437	0.161659971021366	0.16121417772772215	0.16077495129078748	0.16034227405704388	0.15991616856096738	0.15949670717665615	0.159084020471728	0.15867830320715595	0.1582798166219291	0.15788888552460387	0.15750588888349296	0.15713124304483628	0.15676537727148276	0.1564087018176893	0.15606156917873415	0.15572422955664253	0.15539678210388128	0.15507912422329814	0.15477090204607757	0.15447146595603467	0.1541798353933523	0.15389467696343692	0.15361429911497781	0.15333666552136094	0.1530594279055144	0.1527799772946364	0.15249551104122125	0.1522031128898366	0.15189984496325581	0.15158285101034963	0.15124946821393254	0.15089734234996638	0.15052453994774737	0.15012965109796694	0.1497118769394728	0.14927109641210795	0.14880790765507945	0.1483236404499858	0.14782033733354458	0.14730070246610436	0.14676801903629536	0.14622603783106583	0.1456788414887113	0.1451306907676888	0.14458586077755625	0.14404847634753382	0.1435223563236933	0.14301087638435966	0.14251685885581447	0.1420424960673782	0.1415893112165072	0.14115815780933533	0.1407492558013277	0.1403622598496789	0.13999635280333317	0.13965035583510899	0.13932284556048133
2.8797932657906435	0.2761574236272709	0.27540100018835467	0.2741655030057102	0.272488859273066	0.2704216304286726	0.26802385434659015	0.26536146408566497	0.26250261013867837	0.25951419929179853	0.2564589138753307	0.2533928991839164	0.2503642163072304	0.24741206594606735	0.2445667084950438	0.24184994643825486	0.2392760024659124	0.23685262152003095	0.2345822436568371	0.23246313025065124	0.23049036991810168	0.22865673378707085	0.22695338504452334	0.225370470388096	0.22389762956162695	0.22252445507982443	0.22124092134487938	0.2200377856317468	0.21890694786440035	0.21784174565411518	0.21683715789379399	0.21588989448226403	0.21499835992089955	0.21416249185721037	0.21338348904311744	0.21266345391050767	0.21200498128169842	0.21141072609806677	0.21088298011533202	0.21042328177709324	0.2100320767929691	0.20970844100396246	0.20944987302608686	0.20925216223575482	0.2091093374199925	0.20901370181124979	0.20895595998587535	0.20892544011311154	0.20891041066687	0.20889848399543698	0.20887709080995648	0.20883400096150445	0.20875785835229432	0.20863869292936804	0.20846837153285153	0.20824095241902385	0.20795291537523525	0.20760324966757304	0.20719339431409167	0.2067270378048398	0.2062097958807192	0.20564879504784717	0.20505219531946572	0.20442868790070712	0.20378700233205993	0.20313545355424262	0.20248155327431028	0.20183170281260054	0.20119097743685554	0.20056300458358367	0.19994993341435374	0.1993524875949036	0.19877009003581114	0.19820104599594207	0.1976427695086858	0.19709203765180705	0.19654525730859235	0.19599872976503163	0.19544889963900364	0.1948925769830555	0.19432712154425236	0.1937505838666183	0.19316179796140048	0.19256042435855802	0.19194694507160115	0.19132261454587618	0.19068937339474656	0.19004973152591614	0.18940663057773593	0.18876329497982802	0.18812307959272245	0.1874893222436187	0.18686520921838262	0.18625365884029926	0.18565722308417154	0.18507801479232683	0.1845176578438218	0.1839772595443066	0.18345740328968368	0.18295815959434858	0.1824791089282013	0.1820193750518312	0.18157767438236266	0.18115237567619674	0.1807415608787895	0.18034308412460553	0.17995463035233122	0.17957377170836253	0.17919802150677278	0.17882488593483065	0.17845191390214338	0.1780767460736014	0.1776971684435898	0.17731117546603437	0.1769170156709859	0.17651321977569412	0.17609862545834687	0.175672382183367	0.17523394782488433	0.17478309759929417	0.17431993018707426	0.17384482549712071	0.1733583909271194	0.17286143053711556	0.17235491838734357	0.17183996794148593	0.17131779592251395	0.17078968937982164	0.17025697297880116	0.16972097654017482	0.16918300916300633	0.1686443412230615	0.1681061929840026	0.1675697272204245	0.1670360430285498	0.16650616939706436	0.16598105889174009	0.165461582542971	0.16494852669817972	0.1644425920774848	0.16394439502690566	0.16345447089234733	0.16297327935495132	0.16250121146237073	0.16203859803044368	0.161585719101556	0.1611428141845762	0.16071009297662386	0.16028774609579588	0.15987595502466523	0.15947490005648884	0.15908476465825205	0.15870573439204733	0.1583379884400018	0.1579816819833006	0.15763691831534327	0.1573037106022045	0.15698193444177672	0.15667127357515798	0.15637116213862184	0.15608072770031856	0.15579873999756977	0.15552357068821404	0.15525316940770334	0.1549850608997349	0.1547163670074117	0.15444385595024906	0.15416401952264414	0.15387317666085715	0.15356759986097368	0.15324365980048854	0.15289798223567586	0.15252760871919346	0.15213015046944994	0.1517039247295519	0.15124806459703638	0.15076259512010248	0.1502484700102063	0.14970756504659855	0.14914262657426164	0.14855717637681143	0.14795537722758828	0.14734186619144035	0.1467215650570315	0.1460994789913746	0.14548049545525932	0.14486919540615772	0.14426968772404353	0.14368547568105028	0.14311936140356568	0.1425733910626008	0.1420488404201241	0.14154623770179398	0.14106541874307083	0.1406056080020831	0.14016551830021012	0.13974346196135473	0.13933746628818966	0.1389453869510544	0.13856501378803038	0.1381941646482437
3.141592653589793	0.23438688356304982	0.23422621773519392	0.2339716312479314	0.23364112519895164	0.23325720450726628	0.23284471794606754	0.23242852025015837	0.2320312288057702	0.23167132555078962	0.23136180022669017	0.23110945304799757	0.23091488539480265	0.2307731196369336	0.230674715997504	0.23060720487024366	0.23055663237950474	0.23050902557663333	0.230451617363582	0.23037372243076826	0.23026721470191336	0.23012661436842174	0.22994884042844244	0.22973271725698852	0.22947833891431113	0.22918639360869308	0.22885753642657858	0.22849187603997234	0.22808861579113038	0.2276458657715108	0.22716062322586295	0.2266289050649246	0.22604600814513898	0.2254068688970552	0.22470649208649007	0.22394041744605442	0.2231051917841509	0.22219881299446964	0.22122111192678107	0.22017403951086112	0.2190618309550607	0.21789102687222273	0.21667034262672047	0.21541039098890247	0.2141232775635291	0.212822101306676	0.21152040173100395	0.21023159861626128	0.20896846852915107	0.20774269553486402	0.2065645223836967	0.20544251506925137	0.20438344015047982	0.20339224264848754	0.202472104218117	0.20162455746790453	0.20084963275408652	0.2001460177620833	0.19951121643816827	0.1989417008376142	0.19843305576165982	0.1979801205555889	0.19757713450255765	0.19721789180420424	0.19689590961263015	0.19660460874871588	0.19633750255485838	0.19608838568333242	0.19585151221158092	0.195621751880646	0.1953947139890062	0.195166831129566	0.19493539825925676	0.19469856639338445	0.19445529383155202	0.1942052607845297	0.19394875522847488	0.19368653887305998	0.19341970215218218	0.19314951601836072	0.19287728904502854	0.1926042336271534	0.19233134729200252	0.1920593119092031	0.1917884137342405	0.19151848642027813	0.191248878950961	0.19097844918790408	0.19070558189400333	0.19042823370116757	0.19014400213101235	0.18985021684145154	0.18954404988274143	0.18922263933422645	0.18888321493411975	0.18852322955896783	0.18814048306732967	0.18773323174535772	0.1873002787148843	0.18684104392505385	0.18635560902606052	0.18584473376573674	0.1853098387738754	0.184752961938758	0.1841766825195561	0.18358402001301788	0.1829783211858742	0.1823631369985641	0.1817420960848728	0.18111878000003578	0.1804966047379084	0.17987871419890133	0.17926788586993725	0.178666449213972	0.17807623904129732	0.17749856266879127	0.17693416741513057	0.17638324115176363	0.17584544004383829	0.17531992378180883	0.1748054230305498	0.17430037254852637	0.17380303085166093	0.1733115549909241	0.17282407641709585	0.1723387913395995	0.17185404910472846	0.17136843689777925	0.17088085172565481	0.1703905530496912	0.16989719621763544	0.16940084414718393	0.16890195617395287	0.16840135546122403	0.16790017796356227	0.1673998071938132	0.16690180001921973	0.16640780889735352	0.1659195054323226	0.1654385094722648	0.16496632737354844	0.16450430228061208	0.16405357817853927	0.16361507822461996	0.16318949669844818	0.16277730298740956	0.1623787554077707	0.16199392233943577	0.1616227080489323	0.1612648805821988	0.16092009914602978	0.16058793845297203	0.16026790764252552	0.1599594617306459	0.15966200419447496	0.15937488027309188	0.15909736168643263	0.15882862447510293	0.1585677223470423	0.15831355825865834	0.1580648570707215	0.1578201421431471	0.1575777187378402	0.15733566703432555	0.15709184727538128	0.15684391888850557	0.15658937434308529	0.15632558715351585	0.15604987195334719	0.15575955289455745	0.1554520353694857	0.1551248769169682	0.15477585601083654	0.15440303892611507	0.1540048437234085	0.15358009895753622	0.1531280945254243	0.15264862251416034	0.15214200632680863	0.15160911672328226	0.15105137377693345	0.15047073401299205	0.14986966210025532	0.14925108650951446	0.14861833870716357	0.14797507588822478	0.14732518808079798	0.14667269168054786	0.14602161296564553	0.14537586664329094	0.14473913568433172	0.14411475935603102	0.14350563632384516	0.1429141489516934	0.14234211357686277	0.14179075971656263	0.14126073905239478	0.14075216283434244	0.14026466426587492	0.139797480697037	0.1393495492470076
3.4033920413889427	0.2761574236272709	0.27540100018835467	0.2741655030057102	0.272488859273066	0.2704216304286726	0.26802385434659015	0.26536146408566497	0.26250261013867837	0.25951419929179853	0.2564589138753307	0.2533928991839164	0.2503642163072304	0.24741206594606735	0.2445667084950438	0.24184994643825486	0.2392760024659124	0.23685262152003095	0.2345822436568371	0.23246313025065124	0.23049036991810168	0.22865673378707085	0.22695338504452334	0.225370470388096	0.22389762956162695	0.22252445507982443	0.22124092134487938	0.2200377856317468	0.21890694786440035	0.21784174565411518	0.21683715789379399	0.21588989448226403	0.21499835992089955	0.21416249185721037	0.21338348904311744	0.21266345391050767	0.21200498128169842	0.21141072609806677	0.21088298011533202	0.21042328177709324	0.2100320767929691	0.20970844100396246	0.20944987302608686	0.20925216223575482	0.2091093374199925	0.20901370181124979	0.20895595998587535	0.20892544011311154	0.20891041066687	0.20889848399543698	0.20887709080995648	0.20883400096150445	0.20875785835229432	0.20863869292936804	0.20846837153285153	0.20824095241902385	0.20795291537523525	0.20760324966757304	0.20719339431409167	0.2067270378048398	0.2062097958807192	0.20564879504784717	0.20505219531946572	0.20442868790070712	0.20378700233205993	0.20313545355424262	0.20248155327431028	0.20183170281260054	0.20119097743685554	0.20056300458358367	0.19994993341435374	0.1993524875949036	0.19877009003581114	0.19820104599594207	0.1976427695086858	0.19709203765180705	0.19654525730859235	0.19599872976503163	0.19544889963900364	0.1948925769830555	0.19432712154425236	0.1937505838666183	0.19316179796140048	0.19256042435855802	0.19194694507160115	0.19132261454587618	0.19068937339474656	0.19004973152591614	0.18940663057773593	0.18876329497982802	0.18812307959272245	0.1874893222436187	0.18686520921838262	0.18625365884029926	0.18565722308417154	0.18507801479232683	0.1845176578438218	0.1839772595443066	0.18345740328968368	0.18295815959434858	0.1824791089282013	0.1820193750518312	0.18157767438236266	0.18115237567619674	0.1807415608787895	0.18034308412460553	0.17995463035233122	0.17957377170836253	0.17919802150677278	0.17882488593483065	0.17845191390214338	0.1780767460736014	0.1776971684435898	0.17731117546603437	0.1769170156709859	0.17651321977569412	0.17609862545834687	0.175672382183367	0.17523394782488433	0.17478309759929417	0.17431993018707426	0.17384482549712071	0.1733583909271194	0.17286143053711556	0.17235491838734357	0.17183996794148593	0.17131779592251395	0.17078968937982164	0.17025697297880116	0.16972097654017482	0.16918300916300633	0.1686443412230615	0.1681061929840026	0.1675697272204245	0.1670360430285498	0.16650616939706436	0.16598105889174009	0.165461582542971	0.16494852669817972	0.1644425920774848	0.16394439502690566	0.16345447089234733	0.16297327935495132	0.16250121146237073	0.16203859803044368	0.161585719101556	0.1611428141845762	0.16071009297662386	0.16028774609579588	0.15987595502466523	0.15947490005648884	0.15908476465825205	0.15870573439204733	0.1583379884400018	0.1579816819833006	0.15763691831534327	0.1573037106022045	0.15698193444177672	0.15667127357515798	0.15637116213862184	0.15608072770031856	0.15579873999756977	0.15552357068821404	0.15525316940770334	0.1549850608997349	0.1547163670074117	0.15444385595024906	0.15416401952264414	0.15387317666085715	0.15356759986097368	0.15324365980048854	0.15289798223567586	0.15252760871919346	0.15213015046944994	0.1517039247295519	0.15124806459703638	0.15076259512010248	0.1502484700102063	0.14970756504659855	0.14914262657426164	0.14855717637681143	0.14795537722758828	0.14734186619144035	0.1467215650570315	0.1460994789913746	0.14548049545525932	0.14486919540615772	0.14426968772404353	0.14368547568105028	0.14311936140356568	0.1425733910626008	0.1420488404201241	0.14154623770179398	0.14106541874307083	0.1406056080020831	0.14016551830021012	0.13974346196135473	0.13933746628818966	0.1389453869510544	0.13856501378803038	0.1381941646482437
3.665191429188092	0.23328470722258052	0.23312338622597076	0.2328678934358214	0.23253655744167376	0.23215233797077223	0.23174063655746646	0.2313269289042309	0.23093449411808134	0.2305824924240558	0.23028458642854516	0.23004822107572767	0.22987458684299575	0.22975920321575077	0.2296929875972481	0.2296636278812265	0.22965705975148745	0.2296588621535066	0.22965542144998313	0.22963476819166082	0.22958705008719202	0.22950466061190572	0.22938208652513975	0.22921556417767774	0.22900264230446885	0.22874173989804367	0.22843176631948017	0.2280718430938253	0.22766113907134836	0.2271988079676794	0.2266840029639586	0.2261159380208883	0.22549396868824845	0.22481767377799933	0.22408692989337872	0.22330198018782713	0.22246350444552745	0.221572698504756	0.22063136744732093	0.21964203026825038	0.21860802602629845	0.2175336049881322	0.21642398483907976	0.2152853526690374	0.21412479821789462	0.21295017193732396	0.21176987128988695	0.21059256855463993	0.20942690151712012	0.20828115347900528	0.2071629503409008	0.2060790000924934	0.20503489450757004	0.20403498524601812	0.20308233817414859	0.20217876175868396	0.20132489886635493	0.20052036685518632	0.1997639287182043	0.19905367811752164	0.19838722301779346	0.19776185573838792	0.19717470097260562	0.19662283711516348	0.19610338965043658	0.19561359808986006	0.19515085986232875	0.19471275562097579	0.19429706072378694	0.19390174739005636	0.1935249810550575	0.1931651135198146	0.19282067422410343	0.1924903598518302	0.19217302158886693	0.19186764880261403	0.19157334776120255	0.19128931438404675	0.19101480071349278	0.19074907537561483	0.19049138126518322	0.19024089142569617	0.18999666797684245	0.18975762747418748	0.1895225169392229	0.18928990321787154	0.18905817790090715	0.1888255781572692	0.1885902201781314	0.18835014535932584	0.18810337348355785	0.18784795955085937	0.1875820501738003	0.18730393462544787	0.18701208293686114	0.18670517924919286	0.18638213929871836	0.18604211703863877	0.1856845042379828	0.1853089241918407	0.18491522248451184	0.18450345542435517	0.1840738745925731	0.18362691691131783	0.1831631862374858	0.1826834269051089	0.18218850571566556	0.18167939665368502	0.18115716502059948	0.18062295150093086	0.1800779558193116	0.17952342124268644	0.1789606157830087	0.17839080792281448	0.17781525963240336	0.17723521316923574	0.17665185420692986	0.1760662900489219	0.17547954024014853	0.17489251981801354	0.17430604375935754	0.17372088046419282	0.17313777173816947	0.17255741069601227	0.1719804276794043	0.17140738683615644	0.17083878515184875	0.17027505852745034	0.1697165887657225	0.16916370891923888	0.16861670967917314	0.16807584532950942	0.1675413376721889	0.1670133773620356	0.1664921229390943	0.16597769886992653	0.1654701943834007	0.16496966411453837	0.16447613034546754	0.16398958615704604	0.1635099991687516	0.16303731605526003	0.162571468209642	0.16211237877812437	0.161659971021366	0.16121417772772215	0.16077495129078748	0.16034227405704388	0.15991616856096738	0.15949670717665615	0.159084020471728	0.15867830320715595	0.1582798166219291	0.15788888552460387	0.15750588888349296	0.15713124304483628	0.15676537727148276	0.1564087018176893	0.15606156917873415	0.15572422955664253	0.15539678210388128	0.15507912422329814	0.15477090204607757	0.15447146595603467	0.1541798353933523	0.15389467696343692	0.15361429911497781	0.15333666552136094	0.1530594279055144	0.1527799772946364	0.15249551104122125	0.1522031128898366	0.15189984496325581	0.15158285101034963	0.15124946821393254	0.15089734234996638	0.15052453994774737	0.15012965109796694	0.1497118769394728	0.14927109641210795	0.14880790765507945	0.1483236404499858	0.14782033733354458	0.14730070246610436	0.14676801903629536	0.14622603783106583	0.1456788414887113	0.1451306907676888	0.14458586077755625	0.14404847634753382	0.1435223563236933	0.14301087638435966	0.14251685885581447	0.1420424960673782	0.1415893112165072	0.14115815780933533	0.1407492558013277	0.1403622598496789	0.13999635280333317	0.13965035583510899	0.13932284556048133
3.9269908169872414	0.28012250904662733	0.2793683437567807	0.27813533068296326	0.27645909323543016	0.2743869653196148	0.27197508089701916	0.2692851036338028	0.26638090651608326	0.2633254918576867	0.2601783879264893	0.2569936792538484	0.25381873660442894	0.25069362361454295	0.24765108297930455	0.24471695518324	0.2419108618652533	0.23924699359942522	0.23673487309281072	0.23438001104741216	0.23218442303133457	0.23014702174805599	0.22826393219597152	0.22652879275350013	0.22493310240453546	0.22346665594228277	0.22211808061036006	0.22087545624884014	0.21972697356689713	0.21866156725168953	0.21766945550984956	0.21674252583965486	0.21587452625595696	0.21506104775965873	0.2142993124417274	0.21358780712883138	0.2129258207540175	0.21231295212964585	0.2117486528840754	0.21123185919922122	0.21076074827235644	0.2103326345444385	0.20994400023161877	0.20959063761515268	0.2092678689967731	0.20897080516054445	0.20869460439701046	0.20843470049272028	0.2081869778029003	0.20794788260438288	0.20771447048490976	0.20748439807245442	0.2072558730124484	0.20702757843751476	0.2067985874740688	0.20656828024735918	0.20633627129659887	0.2061023502886617	0.20586643434734858	0.20562852691920738	0.20538867635027983	0.20514692739598067	0.2049032606235675	0.2046575177151173	0.20440931449740524	0.20415794747292496	0.20390230304562984	0.20364078094106652	0.20337124432894885	0.2030910075574337	0.20279687068764046	0.20248520507489562	0.2021520894175336	0.20179349015331105	0.20140547476075807	0.20098444242222754	0.20052735377765857	0.20003194080555492	0.1994968790628776	0.19892190846391217	0.19830789103753035	0.1976568034600226	0.19697166526295432	0.1962564093780021	0.19551570685267272	0.19475476012067353	0.19397908153291707	0.19319427023761815	0.1924058033400985	0.19161885309346866	0.19083813591967716	0.190067798209961	0.1893113414884338	0.18857158518810987	0.1878506584279144	0.18715002307791534	0.18647052049195134	0.18581243356294716	0.18517555929004484	0.1845592880738716	0.1839626835135341	0.1833845611230261	0.18282356997142735	0.18227826902158326	0.1817471978405956	0.18122893789381203	0.18072215910252695	0.18022565116331646	0.1797383428809721	0.17925931017983063	0.1787877725409191	0.1783230799089382	0.1778646986062239	0.17741220472843341	0.17696525888370027	0.1765235686193692	0.17608685887951012	0.1756548295464808	0.1752271124348951	0.1748032553505275	0.17438271815443018	0.17396484035348184	0.17354882617903922	0.17313375636191328	0.17271860374780967	0.1723022581361641	0.17188355933178662	0.17146133808258424	0.17103445602564396	0.17060184295718014	0.1701625354653706	0.16971571611401542	0.16926075065244553	0.16879721975949258	0.1683249412962356	0.16784398025779806	0.16735464612091489	0.1668574792157713	0.16635322819429454	0.16584282035508485	0.16532732640037298	0.16480792128428043	0.16428584298473997	0.1637623512287024	0.16323868843034525	0.16271604531445938	0.16219553377312848	0.16167816930604992	0.16116486482482598	0.1606564366483724	0.1601536222599973	0.15965710796070737	0.1591675630883108	0.15868567619728935	0.1582121878057138	0.15774791426601004	0.157293758056204	0.1568507011273806	0.1564197795778587	0.15600203960970252	0.15559847635355065	0.15520995871706394	0.15483714490985534	0.15448039463059113	0.1541396849007903	0.15381453701370223	0.15350396186345208	0.15320642984478258	0.15291986958363793	0.15264169762142038	0.15236887957075687	0.15209802157311558	0.15182548820409045	0.15154754036733534	0.15126048548932558	0.15096083194396345	0.1506454393031644	0.15031165584661957	0.14995743520070723	0.14958142520996381	0.14918302406278	0.1487624009818472	0.14832048113070098	0.14785889656624243	0.14737990696095513	0.14688629536886014	0.1463812454972162	0.14586820775742082	0.14535076176574063	0.14483248288941908	0.14431681984147882	0.1438069892289461	0.14330589144161454	0.14281605047957538	0.14233957842280054	0.14187816339316706	0.1414330781758431	0.141005205277484	0.14059507323280807	0.14020289854686643	0.13982862785012815
4.1887902047863905	0.22928610693534812	0.2291223852764264	0.2288634173554952	0.22852845869557578	0.2281417635168727	0.22773031941661934	0.22732140120059693	0.22694022611753464	0.22660796590098756	0.22634031033215782	0.22614669298919474	0.22603019616196207	0.2259880631751811	0.22601267560919483	0.2260928095396309	0.22621497334362428	0.22636464880703994	0.22652730124704898	0.2266890835689528	0.22683722231310463	0.22696012985969927	0.227047327285337	0.2270892816843808	0.22707725901515963	0.22700327162710648	0.22686016460880282	0.22664184477142627	0.22634361846031792	0.22596257624017715	0.22549794826068595	0.22495135530608978	0.2243268957930388	0.22363103456362574	0.22287229000973324	0.22206074623573574	0.2212074416058106	0.22032370052540803	0.21942047993900513	0.2185077960050374	0.2175942816407801	0.21668690519756023	0.21579085804507117	0.21490959781567434	0.21404501733991835	0.21319769874386021	0.2123672084796793	0.21155239183411725	0.21075163343745423	0.20996306164664563	0.20918468734737758	0.20841447975926458	0.2076503916391083	0.20689035278067447	0.20613225341392377	0.20537393808988275	0.2046132264568977	0.2038479709008388	0.20307615343931035	0.202296016678581	0.20150621709807615	0.20070598426276348	0.19989526730081578	0.19907485032164324	0.1982464212394217	0.19741258325762776	0.1965768043773527	0.1957433068695301	0.1949169048976811	0.19410280360313265	0.19330637619461966	0.1925329370183168	0.19178752768784837	0.19107473065726324	0.19039852051709485	0.18976215839985602	0.18916812994157808	0.18861812289002333	0.18811303719132316	0.18765301813467003	0.18723750464071964	0.1868652826219711	0.18653453788037289	0.1862429054366037	0.18598751396400598	0.1857650269125328	0.18557168375093136	0.18540334628132335	0.18525555142189293	0.18512357464786697	0.18500250696088405	0.1848873444756148	0.18477308870576925	0.18465485440432003	0.1845279767187414	0.184388118403222	0.18423136683022223	0.18405432172192598	0.18385416789114176	0.1836287315217482	0.18337651936478291	0.183096738168623	0.1827892920447594	0.18245476686647913	0.1820943822130009	0.18170992045556664	0.1813036512657703	0.1808782415317851	0.18043665442802279	0.17998204129373718	0.17951762917222366	0.1790466097975275	0.1785720293686089	0.1780966782370456	0.17762300517410645	0.17715303807088859	0.17668830039549185	0.17622976215082353	0.17577781779166615	0.1753322768721475	0.1748923969947588	0.17445698133181942	0.1740244536563491	0.17359291445141245	0.17316021643974372	0.17272405395298557	0.17228206120603595	0.1718319173463814	0.17137144749708708	0.17089871518973634	0.17041210573936466	0.16991039555829435	0.1693928027869284	0.16885901685883883	0.1683092068840266	0.16774401040072717	0.1671645044001899	0.16657216003890557	0.1659687823474869	0.16535643707115952	0.16473736810372167	0.16411391007518597	0.16348840112876242	0.16286310083019948	0.16224011772192265	0.16162135042069742	0.1610084453948825	0.16040277361737287	0.15980542714078333	0.1592172352985115	0.15863879879998458	0.1580705386199378	0.1575127554322828	0.15696569452726142	0.15642961076574613	0.15590482818803478	0.1553917893119959	0.1548910897755745	0.15440349473248388	0.15392993437172284	0.15347147722409007	0.1530292815569158	0.15260452697696925	0.15219833008500433	0.15181164940628766	0.1514451857454668	0.15109928461861116	0.15077384760068435	0.1504682592510409	0.15018133550976326	0.14991129830007652	0.14965578048667638	0.14941186520658958	0.14917616202205325	0.14894491891038342	0.14871416549667846	0.14847988004029936	0.14823817033916598	0.14798545706377267	0.14771864738020812	0.1474352870565479	0.14713368041018213	0.14681296937928748	0.14647316568254576	0.14611513336818047	0.1457405227815838	0.14535166070504144	0.14495140471725954	0.14454297233107108	0.14412975697859862	0.14371514336153438	0.14330233413765386	0.14289419852321938	0.14249315133546359	0.1421010684633868	0.1417192419242779	0.14134837473166698	0.14098861296286935	0.14063960985102544	0.14030061459962084	0.13997057708049732
4.4505895925855405	0.2907975228800868	0.29004962304903237	0.288824756037834	0.2871543977057399	0.2850799997979003	0.2826504414872918	0.2799192207491543	0.2769416742823761	0.2737724885073086	0.2704637039828049	0.26706333203295485	0.2636146093125391	0.2601558281554579	0.25672061090782067	0.2533384544118307	0.2500353606815329	0.24683439040669886	0.24375602108393787	0.2408182515441117	0.23803645795093903	0.23542306187777187	0.23298710995235544	0.23073388150236837	0.22866463455831834	0.22677657444875632	0.22506308922845403	0.2235142503429549	0.22211753359067948	0.22085868178084486	0.2197226114103995	0.21869426321173135	0.21775930962437942	0.21690465769958311	0.21611871858280818	0.21539144882677663	0.2147141990250273	0.21407942747023206	0.21348034828449874	0.21291058416808487	0.21236388471467296	0.21183395460210436	0.2113144151000212	0.21079890062311338	0.21028127253498863	0.20975591737848118	0.20921808754161775	0.20866423945943832	0.20809232733074798	0.20750201786929343	0.2068948022849353	0.20627399383684217	0.20564461133962042	0.2050131596152774	0.20438732611680124	0.20377561825972831	0.2031869682487588	0.20263033158942087	0.20211430252331064	0.20164676499083198	0.20123459218457598	0.2008834020521764	0.20059737092958121	0.20037910334345743	0.2002295532361213	0.20014799054002932	0.20013200704062997	0.2001775565171521	0.20027902604619013	0.2004293365868365	0.20062007343132168	0.20084164722657116	0.2010834865438815	0.20133426198783255	0.2015821398585207	0.2018150611122292	0.20202103862825194	0.2021884634246745	0.2023064084989896	0.20236491875574172	0.20235527315232726	0.20227020977144378	0.20210410464627857	0.2018530963364881	0.20151515462038264	0.2010900920825687	0.20057952258686557	0.19998676787056063	0.1993167215943379	0.1985756803111193	0.19777114291880366	0.19691159006212278	0.19600625090862742	0.19506486295264341	0.19409742684826894	0.1931139740553751	0.19212434164428074	0.19113795626691618	0.19016364052219203	0.18920944270224602	0.18828249143657458	0.1873888806773637	0.1865335950648147	0.1857204727660347	0.18495220404646598	0.18423035324939474	0.18355540071153242	0.18292680732686376	0.1823430958779369	0.18180194275501552	0.1813002746504104	0.18083436677678802	0.18039994663136455	0.17999231185752262	0.1796064351948998	0.17923705094753523	0.17887874021980524	0.1785260059831785	0.1781733594075008	0.17781543710551537	0.17744712899410534	0.17706367185049574	0.17666074829001183	0.1762346026667133	0.17578215467845015	0.17530110702211069	0.1747900335189981	0.17424844477652604	0.1736768209297788	0.17307660833024105	0.17245018425164196	0.17180079042340932	0.17113243585914198	0.17044976947118962	0.16975792364789913	0.16906233309191362	0.16836853751744502	0.16768197922020622	0.16700780619799685	0.16635068996880364	0.16571466576636967	0.16510300147112014	0.16451810021996707	0.16396144009999802	0.1634335527568972	0.16293404121314925	0.16246163573284292	0.16201428518289626	0.16158927996242245	0.161183401135144	0.16079308890917046	0.16041462215840088	0.1600442994229538	0.15967861097343367	0.15931439136510503	0.15894894273721483	0.15858012104065403	0.15820638020081446	0.15782677251393795	0.15744090691974202	0.1570488699544565	0.15665111707847412	0.15624834458890421	0.15584135422482365	0.15543092350127355	0.15501769445698704	0.15460209167373035	0.15418427703689408	0.15376414405528863	0.15334134984072323	0.15291537955467968	0.1524856361237733	0.15205154597334056	0.15161266964970593	0.1511688059774978	0.15072008005969909	0.15026700771896828	0.14981053108309195	0.14935202228759475	0.14889325497780295	0.14843634600662192	0.14798367190082726	0.14753776612436054	0.1471012039906369	0.14667648240774803	0.1462659015777587	0.1458714553723722	0.14549473641431876	0.14513686093661107	0.14479841728671305	0.14447944050912814	0.14417941383117855	0.14389729619612038	0.14363157337285187	0.14338032875621085	0.14314132885633654	0.14291211772380735	0.14269011421415637	0.14247270609601131	0.14225733556834075	0.14204157175650686
4.71238898038469	0.21920593989944748	0.2190360823039359	0.2187676896737485	0.21842141674756377	0.2180234852504247	0.21760332139133987	0.21719100383741685	0.2168148124644118	0.21649913981531588	0.21626296422525182	0.2161189968258146	0.21607351823057586	0.21612682959091167	0.21627417025071505	0.2165069100596364	0.21681381307254	0.21718218986695892	0.21759880201465254	0.21805044461257106	0.21852419965695036	0.21900741311703786	0.21948749262817135	0.21995164504906994	0.22038667212012264	0.22077892054892478	0.22111444570526095	0.22137940336910245	0.221560639772294	0.2216464137206815	0.22162716107670166	0.22149620387559754	0.22125031364140668	0.22089005847781795	0.2204198919863718	0.2198479739971564	0.2191857436028699	0.2184472900560167	0.21764858406782794	0.21680663982693582	0.21593867698019586	0.21506134338190752	0.21419004584000545	0.21333841985709046	0.21251795283535402	0.21173776031102842	0.21100450283007044	0.21032242275486523	0.20969347570239738	0.2091175301023297	0.20859260987304595	0.20811515864254393	0.2076803084697867	0.20728214090986175	0.2069139329095364	0.2065683839814657	0.206237824116289	0.2059144038442886	0.20559026877852604	0.2052577210035207	0.2049093690284467	0.20453826698361655	0.20413804257268886	0.20370301226683996	0.2032282815431019	0.202709827754886	0.2021445635154342	0.20153037919256356	0.20086616413642755	0.20015180756750628	0.19938818078145637	0.19857710341311474	0.1977212967026093	0.19682432660322358	0.1958905390873804	0.19492498904711142	0.19393336324493815	0.192921896855074	0.1918972824585119	0.19086656974884708	0.18983705595335665	0.18881616517018518	0.18781131809408913	0.18682979391062027	0.18587858813708225	0.1849642705576593	0.18409284898436395	0.1832696446578993	0.18249918234812212	0.18178510214474097	0.18113009552346693	0.1805358673960299	0.18000312438275867	0.17953158832316463	0.1791200262956152	0.17876629976809233	0.1784674286500041	0.17821966414828572	0.17801856920866777	0.1778591042929928	0.17773571708772884	0.17764243452817108	0.17757295190493427	0.17752072270941666	0.1774790484807396	0.17744117254135938	0.1774003834117306	0.17735012364441016	0.1772841027964388	0.17719641320420187	0.1770816459877298	0.17693500513674454	0.17675240943252746	0.17653056685174118	0.17626703664711174	0.17596028209717685	0.175609688992593	0.175215556610971	0.17477906953075295	0.17430223633804653	0.1737878167438941	0.1732392789442292	0.17266072955237344	0.17205678567435156	0.17143243984839285	0.17079293545346008	0.17014364258019987	0.1694899394692182	0.16883709655886314	0.168190163060575	0.1675538602901424	0.1669324820153233	0.16632980264797081	0.16574899568621926	0.16519256554655903	0.16466229602967208	0.16415921799632016	0.1636835974493831	0.1632349439869436	0.16281203919571974	0.16241298466315435	0.16203526914792266	0.16167585374747173	0.1613312728564572	0.16099774769825803	0.16067130846881283	0.1603479206909464	0.16002361115511132	0.15969458874213638	0.15935735549098062	0.15900880356480918	0.15864629435621558	0.15826771689188857	0.1578715239542564	0.15745674587042247	0.15702298349501875	0.1565703831574079	0.15609959696732856	0.1556117318852963	0.15510829063081766	0.15459110712819868	0.1540622789262095	0.15352409882180285	0.15297898762094286	0.1524294295006231	0.1518779108863727	0.15132686338144163	0.15077861134963844	0.1502353252284362	0.1496989819298069	0.14917133325654897	0.14865388282705705	0.14814787247073602	0.14765427958677624	0.1471738263840332	0.146707000651911	0.1462540864605133	0.14581520205382836	0.14539034143634966	0.14497941606616005	0.14458229348380747	0.14419883026864944	0.14382889727259363	0.14347239565465486	0.1431292628662395	0.1427994684200904	0.1424829999852676	0.1421798410313877	0.14188994183401504	0.14161318610105067	0.14134935577136354	0.14109809668600048	0.14085888785955247	0.1406310169849786	0.14041356456280207	0.14020539861824566	0.14000518133336026	0.1398113880808154	0.13962233834999083	0.13943623700718089	0.13925122338215312
4.974188368183839	0.31884542626173035	0.31811448545174603	0.3169149395118608	0.3152729848646795	0.31322249324469237	0.31080278429254704	0.3080562332420429	0.3050259864264108	0.30175402753387526	0.29827977464579986	0.294639302778129	0.29086519274122646	0.28698691923808173	0.2830316222122093	0.2790250648447143	0.2749925735988357	0.27095977921529	0.26695302656401243	0.26299938615453783	0.25912626953210655	0.2553607136075545	0.25172844609189066	0.24825286988371556	0.2449541067138092	0.24184822167577358	0.23894671566599707	0.2362563293336084	0.23377915753659356	0.23151303435860807	0.22945212050324482	0.22758761001267558	0.22590847195237193	0.22440215303241917	0.22305518568910798	0.22185366883270208	0.22078361127361146	0.2198311474792925	0.21898264960216035	0.21822476770290208	0.21754443195429415	0.21692884739124113	0.2163655050259587	0.2158422245785919	0.21534723524488464	0.2148692930535511	0.21439782724339085	0.21392310407156148	0.21343639454947452	0.2129301325385777	0.21239805102882242	0.21183528682198902	0.21123844681952864	0.21060563229186172	0.20993642057306575	0.20923180633937102	0.2084941068188009	0.20772683683095586	0.20693456042773756	0.20612272611299956	0.20529749226167834	0.20446554855652346	0.20363393821685052	0.2028098846882182	0.20200062548336994	0.20121325514536584	0.20045457890884652	0.19973097855011054	0.19904829230699822	0.1984117103133776	0.19782568827399125	0.19729388116899121	0.19681909882841028	0.19640328445377675	0.19604751588370029	0.19575202829754346	0.19551625551550927	0.19533888582322162	0.19521792725722178	0.19515077731509875	0.19513429118905568	0.19516484445638643	0.19523838624667342	0.19535048241460348	0.19549634708172528	0.19567086528141445	0.19586861025615493	0.1960838578383498	0.19631060426427538	0.19654259018978334	0.19677333663363933	0.1969961941051236	0.1972044095863608	0.19739120947055022	0.19754989473130405	0.1976739552530741	0.19775718392034233	0.19779380140131017	0.1977785756173323	0.19770693543005577	0.19757506911625963	0.19738000378503784	0.197119680293312	0.19679302710450447	0.1963999857658371	0.19594149550383505	0.19541946741794913	0.19483673319355557	0.19419697084433885	0.1935046110723854	0.19276472680944454	0.19198291110811114	0.1911651598704136	0.1903177876070024	0.1894473521165773	0.18856052756577624	0.18766396173134295	0.1867641656570054	0.1858674133071414	0.18497966954983672	0.18410655351428526	0.18325326789723348	0.1824244877912009	0.18162430075801944	0.18085618096988104	0.1801229613906332	0.17942681257996987	0.17876923746134846	0.1781510761348136	0.17757251882154582	0.17703313145901342	0.1765318928587389	0.17606723948462458	0.17563711307314944	0.1752390073588503	0.17487001258587156	0.17452685855855055	0.17420595796614885	0.17390345182672381	0.17361525842700637	0.17333712640535925	0.17306469196374066	0.17279353978417974	0.17251926706740145	0.17223755009133268	0.17194421268455073	0.17163529598541485	0.17130712881748858	0.1709563979075307	0.17058021691138986	0.17017619277306414	0.16974248740279527	0.16927787209798492	0.1687817715630207	0.16825429389761734	0.16769624279345446	0.1671091087045066	0.16649503695418544	0.16585677231457452	0.1651975812090921	0.1645211542107028	0.16383149294392424	0.16313278685026664	0.1624292864414812	0.16172518045088838	0.16102448446271866	0.16033094785806684	0.15964798388874357	0.15897862431482632	0.15832549652085887	0.15769081955664724	0.15707641632487135	0.1564837392597889	0.15591390491115803	0.1553677312668151	0.1548457722571994	0.1543483455871325	0.15387555135086073	0.1534272799302227	0.15300320915695412	0.15260279249619807	0.1522252414561576	0.15186950624213097	0.15153425890133596	0.15121788298956143	0.1509184732376722	0.15063384787250636	0.15036157521339721	0.15009901499903253	0.14984337368955408	0.14959177181983258	0.1493413204197278	0.14908920262732492	0.14883275597424872	0.14856955050606027	0.1482974580039597	0.14801470815900042	0.14771992861560743	0.14741216724107253	0.14709089656943058	0.14675600183118062
5.235987755982989	0.18985769693616955	0.18966978357316608	0.18937243382079422	0.18898820212068504	0.18854597428717623	0.1880784967473866	0.18761969613400473	0.18720208472885494	0.18685452011240536	0.1866005258465532	0.1864572945874803	0.1864353993516159	0.18653914726105503	0.18676743599001341	0.1871149258245864	0.18757332441144786	0.1881325963278226	0.18878195019908664	0.1895105133406486	0.19030766715385064	0.19116307524625592	0.19206648181701297	0.19300738468922646	0.19397469360930003	0.19495647176944536	0.1959398315057052	0.19691102007739544	0.19785569509092454	0.19875935749028187	0.1996078874475877	0.200388117166224	0.20108837460157722	0.20169894163268362	0.20221238629158467	0.2026237477890755	0.20293057195597888	0.20313281072911762	0.20323261081203534	0.20323402302932114	0.2031426654635093	0.20296537113843405	0.20270984603334793	0.20238435684757458	0.2019974612709671	0.20155778733488403	0.20107386318232864	0.20055399448949954	0.200006183790142	0.19943808399684437	0.19885697735219568	0.19826977076440228	0.1976829988960932	0.19710282739825724	0.19653505021282247	0.19598507677001803	0.19545790699934837	0.19495809414599805	0.19448969722291287	0.19405622635473552	0.19366058515414175	0.19330501459501986	0.19299104264572012	0.19271944333490576	0.19249020810313522	0.19230253141918544	0.1921548118588956	0.19204466922747773	0.1919689778142189	0.19192391590797953	0.19190503097468237	0.1919073201206446	0.1919253248942637	0.19195323892607	0.19198502639052464	0.19201454827724226	0.19203569278875252	0.1920425055975078	0.1920293152887934	0.19199084912801154	0.19192233481735582	0.19181958457898268	0.19167905976438004	0.1914979123105402	0.1912740043800546	0.19100590673217407	0.19069287763842901	0.19033482342143007	0.1899322423490063	0.18948616213947891	0.1889980675303184	0.1884698236102734	0.18790359989387073	0.18730179901261676	0.1866669824051593	0.18600180081031925	0.18530894779545393	0.18459111820920743	0.1838509749784529	0.18309113284694034	0.1823141570865772	0.18152257556975285	0.18071888447861822	0.17990553266918533	0.17908493651872182	0.1782595130303594	0.1774316882204408	0.1766038973801327	0.1757785815929527	0.1749581784437289	0.17414510967206923	0.17334176949457775	0.17255050483282297	0.17177356036850938	0.17101299500378342	0.17027063888721714	0.1695480879182034	0.16884667449884017	0.1681674345241674	0.16751107766283127	0.16687795530345764	0.16626807159696594	0.16568115293627933	0.16511668761779663	0.16457393030572182	0.16405192176864686	0.1635495170675268	0.1630654178682153	0.16259820184257293	0.16214634404272807	0.16170823200070844	0.16128217484943558	0.16086640870935345	0.16045910200844313	0.1600583629334653	0.15966224923543443	0.15926878039167267	0.1588759526919803	0.15848175770012846	0.1580842040872353	0.15768134267952924	0.15727129456749409	0.15685228197231202	0.156422661239649	0.1559809569945521	0.15552589628978802	0.1550564415502563	0.15457182119810442	0.15407155694603847	0.15355548679960707	0.1530237827616219	0.15247696205469075	0.15191589043719642	0.15134177610161817	0.1507561529512454	0.1501608527630817	0.14955796660210455	0.14894979657896565	0.14833879956210205	0.14772752484114768	0.14711854807318395	0.14651440414941191	0.14591752184558243	0.14533016313418862	0.14475436969931038	0.14419191849864918	0.1436442873986546	0.14311263142070046	0.14259777030390242	0.14210018842540223	0.14162004735711195	0.14115720940407095	0.14071126952481403	0.14028159406121588	0.1398673655630544	0.13946763241042556	0.13908136089406717	0.13870748653377224	0.13834496093743817	0.13799279080054672	0.1376500665331809	0.1373159789807756	0.13698982356378644	0.1366709919358921	0.1363589520157589	0.13605321801619089	0.13575331287388118	0.13545872622219612	0.1351688716435516	0.134883047252612	0.13460040358567124	0.13431992227440898	0.13404040813717605	0.13376049627091902	0.13347867460843463	0.13319332129197128	0.13290275511871327	0.13260529624325046	0.13229933332857982	0.13198339253185015	0.13165620324236127
5.497787143782138	0.41939912171577753	0.418730046845184	0.4176297393921197	0.41611783915924466	0.41421887079878844	0.41196028674812796	0.4093704206695361	0.40647660849303163	0.40330370337422466	0.3998731487359258	0.396202690348919	0.3923067173263822	0.3881971368362344	0.3838846205588907	0.3793800212161362	0.37469574892681246	0.3698469186769041	0.3648521262260493	0.3597337713933239	0.354517914358595	0.3492337121201513	0.34391253019705686	0.3385868537442021	0.3332891307226126	0.3280506693234689	0.3229006868665578	0.317865573867364	0.31296840124645275	0.30822866634665064	0.30366224856873836	0.2992815301019456	0.2950956315188337	0.291110714438884	0.2873303115512928	0.28375565519233303	0.28038598681169824	0.2772188391178226	0.27425028940998236	0.271475186374343	0.2688873538887834	0.2664797749734222	0.264244757856032	0.2621740849637557	0.2602591449870134	0.2584910481464769	0.25686072531611337	0.2553590124374772	0.25397672238626	0.25270470687124613	0.2515339109372234	0.2504554222290003	0.24946051648852002	0.2485406999919107	0.24768774897299753	0.24689374564961405	0.24615111031222317	0.24545262900930243	0.2447914765749687	0.24416123496855788	0.24355590705561006	0.24296992597779277	0.24239816018013283	0.24183591402594334	0.24127892382968807	0.2407233491553923	0.2401657594004813	0.23960311599368128	0.2390327512753982	0.23845234460615058	0.23785989790532325	0.23725371179841867	0.23663236375604074	0.23599468918359875	0.23533976541697366	0.23466689823966133	0.23397560969619804	0.23326562567194312	0.2325368616041072	0.23178940522419425	0.23102349654041512	0.23023950413912592	0.2294378997907565	0.22861923359763028	0.22778411266330878	0.2269331851905047	0.2260671322458063	0.2251866711612604	0.22429256980149323	0.2233856662931739	0.22246689561006766	0.22153732074148197	0.2205981647455975	0.21965083533908292	0.21869694592148153	0.21773834433017705	0.2167771060948433	0.21581551381596123	0.21485603399196077	0.21390128338536837	0.21295397837543714	0.2120168710773308	0.21109270704136723	0.21018423645474602	0.20929417752518115	0.20842513415136837	0.20757955220671873	0.20675969605257724	0.20596762668962096	0.20520517959040951	0.20447394011555023	0.20377521342707328	0.2031100005897627	0.20247902619756716	0.20188282432236224	0.20132175866483742	0.20079594147226973	0.20030518053810742	0.199848973697836	0.19942652537784059	0.19903681324848918	0.19867864717903888	0.1983506008974928	0.1980509273352122	0.19777756747824277	0.19752818994686447	0.1973002062156618	0.19709078534045055	0.19689687904359712	0.19671525356602312	0.1965425326093626	0.19637525101325518	0.19620991256487338	0.19604304162893968	0.19587122125845002	0.19569111873103176	0.19549950512002998	0.19529327459531032	0.19506946543272358	0.19482528253005493	0.19455812096009176	0.19426559033823407	0.193945539797034	0.19359608316785257	0.19321562378907553	0.19280287832458803	0.19235689909572168	0.19187709461296495	0.19136324808290645	0.19081553353494035	0.19023452889236442	0.18962122499198675	0.18897702941097572	0.18830376401021037	0.18760365527329295	0.1868793167549038	0.18613372319910362	0.18537017604165487	0.1845922600177938	0.183803790616961	0.18300875245968246	0.18221122947656931	0.18141532889269837	0.18062510215934147	0.1798444669452299	0.17907713505553738	0.17832655147643622	0.17759584894963965	0.1768878197796028	0.1762049027967935	0.17554918197262542	0.17492239612041566	0.17432596187698568	0.17376100930943034	0.17322842448335202	0.17272889273231862	0.17226293908067025	0.17183096359633016	0.17143326908889311	0.1710700787137024	0.17074154212536388	0.17044773005407865	0.1701886181621985	0.16996406181943252	0.16977376408177358	0.16961723965625836	0.16949377792906747	0.16940240818394664	0.16934186992854683	0.16931059081193073	0.1693066740420913	0.16932789661139896	0.1693717191042242	0.16943530741763208	0.16951556630821435	0.16960918417893864	0.1697126878831479	0.16982250561116544	0.16993503529600726	0.1700467155836181	0.1701540963279956
5.759586531581287	0.04730214615993131	0.04702611439555002	0.04658480073927587	0.04600517755178937	0.045322168218143166	0.04457594891862077	0.0438089885370328	0.04306313072785842	0.04237699793427882	0.041783939055835495	0.041310660499220136	0.04097658751292957	0.04079391281858724	0.04076821499417538	0.04089947891828097	0.041183329414366004	0.041612296716827674	0.04217696378747465	0.04286689290123738	0.04367128278046331	0.04457935856031192	0.04558053741977136	0.04666443803199577	0.04782081056210438	0.049039457346242404	0.050310196569984006	0.051622897491887226	0.05296759146045585	0.05433464273067187	0.0557149499241916	0.05710014406120689	0.05848275183021501	0.059856301227901476	0.061215358244082724	0.06255549515588163	0.0638732009663466	0.06516575112685166	0.06643105640707486	0.06766750995040885	0.0688738481009806	0.0700490357123423	0.07119218151800033	0.0723024846675637	0.07337921023155944	0.07442168948171807	0.07542933988049455	0.076401699606711	0.0773384717132628	0.07823957334804421	0.0791051857044203	0.07993580048693846	0.08073225877778187	0.08149577841382896	0.08222796645832933	0.08293081413304573	0.08360667263602081	0.08425820950013685	0.08488834639842835	0.08550018043031124	0.0860968918144229	0.08668164154972288	0.08725746300034135	0.08782715160652649	0.08839315711266763	0.08895748290418465	0.08952159727309025	0.09008636161929368	0.09065198051868234	0.09121797860696843	0.09178320799123768	0.09234588890752651	0.09290368429274554	0.09345380651217297	0.09399315202221922	0.09451845696288058	0.0950264646412679	0.09551409431675659	0.0959786002141069	0.096417710343941	0.09682973523556981	0.09721364142346867	0.09756908461226532	0.09789640339730124	0.09819657518616232	0.09847114012796904	0.0987221016062392	0.09895180757753697	0.09916282298034126	0.09935780590321128	0.09953939172901635	0.09971009160209843	0.0998722100257739	0.10002778747784336	0.10017855525657773	0.10032590096006364	0.10047086916708328	0.10061418331591548	0.10075627791445438	0.10089734226681196	0.10103737575878871	0.10117625481989348	0.1013137852723964	0.10144970680356097	0.10158372132858356	0.1017155560100684	0.10184500059683951	0.10197191867107938	0.10209624701583947	0.10221798832208837	0.10233720189716358	0.10245399959770429	0.10256854280438349	0.10268100369953936	0.10279146241636344	0.10289982663276875	0.10300584604939939	0.10310913796286572	0.10320918750765781	0.10330533690045238	0.10339674600730081	0.10348235434478881	0.10356093485310475	0.10363119214264016	0.1036918236812267	0.10374155925620762	0.10377919789277767	0.10380365247122458	0.10381399369947042	0.10380948113569227	0.10378957680618167	0.10375393803663302	0.10370239241141585	0.10363490521218294	0.1035515503082853	0.10345248794377931	0.10333794479909617	0.10320819040869451	0.10306350837025924	0.10290416523454235	0.10273038151929527	0.1025423084983257	0.10234001291367253	0.10212347058174327	0.10189256921744824	0.1016471204527032	0.10138688071310516	0.10111158021610472	0.10082095887741674	0.10051480744089773	0.10019301174393017	0.09985559767089877	0.09950277395340909	0.09913496954011045	0.09875286191942102	0.09835739277757842	0.09794976795393073	0.09753143992321717	0.09710407283937922	0.09666949209791784	0.09622962190940083	0.09578641520599042	0.09534178033673006	0.09489750868354484	0.09445520676911909	0.09401623569710935	0.09358165991677635	0.0931522067105281	0.09272823818929408	0.09230973899917186	0.09189632334840787	0.09148726182029673	0.09108152350508712	0.09067782760760094	0.09027470197744458	0.08987054927886663	0.08946372110702153	0.08905259738265997	0.08863566607553548	0.0882115981284914	0.08777931345074635	0.0873380349042791	0.08688732803936602	0.08642712506556835	0.0859577322897874	0.08547982106685273	0.08499440319852862	0.08450279264171567	0.08400655625056336	0.08350745694800536	0.08300739307132439	0.08250833759838942	0.08201228057919643	0.08152117750765106	0.08103690572569189	0.0805612303473938	0.08009578062618773	0.0796420371139068	0.07920132933444111	0.07877484301524301	0.0783636352205355
6.021385919380437	1.4134300764639809	1.4133757629184136	1.413281847523745	1.4131408471307219	1.412940444742622	1.4126628520275673	1.4122843620334748	1.4117752720217651	1.4111003177218624	1.410219695653065	1.409090669641499	1.4076696739530563	1.4059147515805015	1.4037881133564794	1.4012585793116308	1.3983036709680865	1.3949111600248987	1.3910799387834514	1.3868201512571248	1.3821526004544475	1.3771075165338615	1.371722824159709	1.36604208032422	1.3601122645834298	1.353981593882323	1.34769750831259	1.3413049381604707	1.3348449226882255	1.3283536127454365	1.3218616565471104	1.31539394299346	1.3089696601969716	1.3026026175046956	1.2963017755191677	1.2900719284671551	1.2839144850498676	1.277828296520577	1.2718104837395565	1.2658572184883257	1.259964418861878	1.2541283246312316	1.248345926412739	1.2426152322635058	1.2369353664960419	1.2313065072687834	1.2257296808527571	1.2202064403640844	1.2147384643032442	1.2093271148513098	1.203972997280074	1.198675560114544	1.1934327711981174	1.188240898094411	1.1830944129475682	1.177986032657602	1.1729068956115096	1.1678468667887225	1.1627949543195957	1.157739812956556	1.1526703038578547	1.1475760759174203	1.1424481319614959	1.1372793436532902	1.1320648819660342	1.126802535475983	1.1214928961220167	1.1161394010004981	1.110748228326798	1.1053280553518299	1.0998896947172374	1.0944456330026815	1.0890095002970823	1.0835955025468793	1.0782178485007854	1.0728902016626247	1.0676251836553041	1.062433950749311	1.0573258593812374	1.0523082300054747	1.0473862152734268	1.0425627680666543	1.0378387075078115	1.0332128681284334	1.0286823232156947	1.0242426649640122	1.0198883206636613	1.0156129005183523	1.011409554263819	1.0072713105506494	1.0031913897669444	0.9991634772181079	0.995181937205357	0.9912419570492439	0.9873396628199846	0.9834721948920602	0.9796376932214076	0.9758352154993681	0.9720646160970492	0.9683263964860727	0.9646215179345975	0.960951183722302	0.9573166537027307	0.9537191810597263	0.9501599224526069	0.9466397800639489	0.9431592999975638	0.9397186251689711	0.9363174994707248	0.9329553056291495	0.9296311126992913	0.9263437107248222	0.9230916348767981	0.9198732616076826	0.9166870753799068	0.913531941218194	0.9104071541006934	0.9073123802440266	0.9042476224288869	0.9012132221768594	0.8982099078337668	0.8952388621883485	0.8923016343891055	0.889399926132641	0.8865353914904393	0.8837094804833285	0.8809232833243089	0.8781773758193189	0.8754716872570222	0.8728053982203712	0.8701768879987698	0.8675837468117013	0.8650228489549152	0.8624904602791118	0.8599823459035869	0.8574938614400169	0.8550200366511291	0.8525556704066688	0.8500954471119259	0.8476340717587805	0.8451664138589223	0.8426876500622553	0.8401933975028876	0.8376798320575269	0.8351437869084655	0.8325828274736089	0.8299952995487997	0.82738034871664	0.8247379106004404	0.8220686730408193	0.8193740124724453	0.816655907705415	0.8139168352580717	0.8111596516222649	0.8083874693742954	0.8056035354610414	0.8028111204603806	0.8000134262528011	0.7972135161002895	0.7944142664862188	0.7916183359563288	0.7888281442347274	0.7860458555967009	0.7832733630894417	0.7805122733509753	0.777763894488775	0.77502923134301	0.7723089929647611	0.7696036148759191	0.7669132926223577	0.7642380166645806	0.7615775993166313	0.7589316933694952	0.756299809161677	0.7536813352807497	0.7510755623824048	0.7484817055698432	0.7458989196570533	0.7433263034121176	0.7407628923809559	0.7382076428938726	0.7356594113134642	0.7331169328796994	0.7305788041724882	0.7280434724338007	0.7255092338795374	0.7229742419350579	0.720436525391398	0.7178940160234106	0.7153445851728317	0.712786088900298	0.7102164212815105	0.7076335751372879	0.7050357089146042	0.7024212175794029	0.6997888043384903	0.6971375490539511	0.694466968731821	0.6917770657065496	0.6890683600369807	0.6863419038516478
