0.0	3.9252460893140113	3.9199287306921713	3.9111802333795334	3.8991665098824715	3.884109767281746	3.866278887778567	3.8459781481419326	3.823535010167921	3.799287739299637	3.7735735724449473	3.7467180666611934	3.7190261302662373	3.690775082231834	3.6622099201226326	3.633540815787713	3.604942713301257	3.5765567837565726	3.548493401458975	3.5208362477561472	3.493647121652404	3.4669710382028356	3.440841223096599	3.415283660773829	3.390320919409909	3.3659750543338247	3.3422694767911496	3.3192297620139724	3.296883453799481	3.27525899686674	3.2543839883395282	3.234282981936699	3.2149751003325213	3.196471711789382	3.178774407404508	3.1618734776416524	3.145747035128106	3.1303608698852217	3.115669058661113	3.1016152873104432	3.0881347892381683	3.0751567579559227	3.0626070607878875	3.0504110653661156	3.0384963909904696	3.026795412117532	3.0152473688803925	3.0037999765039167	2.9924104680520642	2.981046049263896	2.969683786514196	2.9583099865371816	2.946919155841966	2.9355126483377605	2.924097120651517	2.9126829153719704	2.9012824849976573	2.8899089543477396	2.8785748989119386	2.8672913920954652	2.85606735589446	2.8449092014162414	2.8338207700032685	2.822803513424354	2.8118568705156246	2.8009787821528267	2.790166277103899	2.7794160679824547	2.7687250995605983	2.7580910027528116	2.7475124201420016	2.736989183275117	2.726522336634292	2.7161140162720816	2.705767196057542	2.6954852929393667	2.685271630169966	2.6751292367688535	2.665060569723134	2.655067056787054	2.645148874868284	2.6353050166186147	2.625533206371931	2.6158299159374776	2.606190665356092	2.5966104056508397	2.5870839307681677	2.577606251181181	2.568172971807368	2.558780649675013	2.5494270880552334	2.540111540674521	2.5308348094214033	2.5215992256010207	2.5124085111784185	2.5032675228756482	2.4941818891367546	2.485157558101901	2.4762002872738034	2.4673151548172667	2.4585063451799036	2.449777418185218	2.4411313299402035	2.4325699241877086	2.4240933224297168	2.415699639229678	2.4073852251322876	2.3991449350764453	2.3909724205823473	2.382861637792427	2.374809463329056	2.366815026224124	2.358876213961514	2.3509884523210482	2.3431460101122346	2.3353432181783917	2.3275747854027764	2.319835925360385	2.3121224906920244	2.3044310356368887	2.296758868364557	2.2891044145503985	2.2814683212567024	2.27385495821472	2.2662730947791205	2.2587348392242896	2.251252857873707	2.2438372926413868	2.2364942076536676	2.229225645547773	2.2220302932260476	2.2149042099363663	2.2078416335708715	2.2008358775422696	2.193880107598951	2.186967858361792	2.1800933664481468	2.1732518317864007	2.166439653361339	2.159654631302903	2.1528960848284964	2.1461648365881643	2.1394630569823674	2.132793996403652	2.126161643865766	2.119570351468731	2.113024462181323	2.1065279723301233	2.1000842507546857	2.0936958286138077	2.0873642732787694	2.081090168327201	2.07487323034307	2.0687125824685557	2.0626071617572617	2.0565561819843774	2.0505595508410286	2.0446181700416046	2.0387340965143417	2.032910573287759	2.027151947902472	2.02146350033918	2.0158512058176004	2.010321458207428	2.0048807789334524	1.9995355346637214	1.99429168237899	1.9891545529404215	1.9841286772910856	1.9792176549839917	1.9744240623373819	1.9697493961551293	1.9651940484726544	1.9607573084854248	1.956437389527423	1.9522314809094485	1.9481358256725991	1.9441458253290447	1.9402561714654198	1.9364610019852295	1.9327540771971443	1.9291289685961486	1.925579251949289	1.9220986968304654	1.9186814468277587	1.9153221871525201	1.9120162979215887	1.9087599911220159	1.9055504273885815	1.9023858063044545	1.8992654223259402	1.8961896785977346	1.8931600531130997	1.890179015496253	1.887249897403688	1.8843767243125598	1.8815640204301232	1.8788166007846425	1.876139364567717	1.8735371012477708	1.8710143163333302
0.2617993877991494	1.4134303255666483	1.4133797332349025	1.4133018303497205	1.413203478251648	1.4130916831270046	1.4129721880922326	1.4128480418866782	1.412718344261039	1.412577342291684	1.4124140017282172	1.4122121116258195	1.4119509095080929	1.4116061489006373	1.4111514803957883	1.4105599875800139	1.4098057125664392	1.4088650211617488	1.4077176903759592	1.406347644548215	1.4047433135809704	1.4028976309311896	1.4008077248552535	1.398474380720437	1.3959013638924402	1.3930946925738532	1.3900619401594358	1.3868116301059439	1.3833527660822735	1.379694519092768	1.3758460736191824	1.371816618198613	1.3676154531806992	1.3632521800604969	1.3587369327046044	1.3540806106155134	1.3492950775558197	1.3443932947107824	1.339389365382314	1.334298477248829	1.3291367377845587	1.3239209078493683	1.3186680471386523	1.3133950926029057	1.3081183966733505	1.3028532558160664	1.2976134613471906	1.2924109034529667	1.2872552559986001	1.2821537641822072	1.2771111497886007	1.2721296401048268	1.2672091176507818	1.2623473787936486	1.257540481601035	1.2527831570680914	1.2480692541641298	1.2433921878309728	1.238745360478281	1.2341225314032818	1.2295181129943855	1.2249273837842902	1.2203466080494119	1.215773067948314	1.21120501293152	1.2066415418336633	1.2020824333645068	1.197527945185127	1.1929786003960898	1.188434980089602	1.1838975382764043	1.179366452378526	1.174841518787203	1.1703220991260594	1.1658071199700242	1.1612951345152176	1.1567844643161909	1.1522732901746753	1.1477597382735367	1.1432420641709196	1.138718818161405	1.1341889835913257	1.1296521325834852	1.1251084460743497	1.1205587255374223	1.1160044162288876	1.1114475944145308	1.1068908720714095	1.1023372810750476	1.0977901480805703	1.093252960577182	1.088729233731887	1.0842223889058553	1.0797356532573168	1.0752719877173056	1.0708340474981233	1.0664241729763848	1.062044391628116	1.0576963670471116	1.0533811845621694	1.049099060501431	1.044849570354882	1.0406325186641485	1.036448511195447	1.0322987880174979	1.0281848463950682	1.0241083176596952	1.0200708605210778	1.0160738325153917	1.0121176239956746	1.0082016408987593	1.0043260188788419	1.0004923553672982	0.996702702065577	0.9929590645990385	0.9892634342360342	0.9856176380513675	0.9820231398991364	0.9784808903618891	0.9749911461861147	0.9715532205259028	0.968165145548848	0.9648233420624555	0.961522552423816	0.9582562845301333	0.9550178678669384	0.9518016374136437	0.9486033406317558	0.9454198129188303	0.9422486565965298	0.9390881888287415	0.9359374978593146	0.9327964983912236	0.9296659690802694	0.9265475070781493	0.9234433154101344	0.9203558425712128	0.9172873861215751	0.9142397746566151	0.9112141863416167	0.9082110981644584	0.9052303292652498	0.9022711447650109	0.8993323967196171	0.8964126833740216	0.8935105096703967	0.8906244346337517	0.8877531953771733	0.8848958022680884	0.882051604337952	0.8792203275516516	0.8764020907501848	0.8735974050342579	0.8708071618985747	0.8680326121570809	0.8652753303977325	0.8625371521565232	0.8598200723489247	0.8571261077058249	0.8544571441579101	0.851814799220679	0.8492003240738379	0.8466145545225983	0.8440579042386296	0.8415303860121524	0.8390316481375885	0.8365610184378389	0.834117553043209	0.8317000896393723	0.8293073063230779	0.826937787932344	0.8245901011930862	0.8222628776331145	0.8199548993136891	0.8176651783624422	0.8153930186387977	0.8131380477417871	0.8109002103932643	0.8086797197156239	0.8064769700649149	0.8042924221674412	0.8021264763582694	0.7999793513045412	0.7978509835109678	0.7957409581556631	0.7936484759838112	0.791572355568595	0.7895110662211523	0.7874627846684995	0.7854254683567007	0.7833969394971911	0.7813749759963879	0.7793574072360654	0.7773422135028878	0.7753276273926342	0.7733122340464769	0.7712950653664076	0.7692756822524911	0.7672542389907273	0.76523152529217	0.7632089837187861
0.5235987755982988	0.047302087421297045	0.047025186395656726	0.046580192642797946	0.0459909965908859	0.045288703226185	0.04450935705395065	0.04369143282069299	0.042873343323311386	0.04209119595083141	0.041376982300738746	0.04075731879718031	0.040252781507648716	0.03987780646805267	0.0396410674664085	0.03954620317634136	0.03959274784321887	0.03977712370565187	0.04009357510162154	0.04053495776952798	0.0410933353942223	0.04176037256286194	0.04252754395814623	0.043386200735103936	0.0443275455666077	0.04534256856762628	0.04642198927656366	0.047556237820227804	0.04873549414978387	0.04994979028424093	0.051189168677358565	0.05244388123987248	0.053704608613484334	0.05496267785448772	0.056210258198834545	0.05744051828109417	0.05864773322618333	0.059827335621971484	0.06097590982483703	0.06209113382276543	0.06317167663691445	0.0642170618148962	0.06522750894605184	0.06620376541362419	0.06714693996800628	0.06805834835895005	0.06893937939681957	0.06979138758744344	0.07061561603374056	0.07141315074224905	0.07218490493184312	0.07293162957066879	0.07365394428418529	0.07435238132359237	0.07502743441945953	0.07567960437336196	0.07630943419395347	0.07691752832009621	0.07750455288055225	0.07807121675981674	0.07861823569461054	0.0791462849622094	0.07965594604391782	0.08014765578852437	0.08062166505189602	0.08107801232981937	0.08151651668842577	0.08193679193348202	0.08233828104316568	0.08272030780456088	0.08308214073760384	0.08342306323856136	0.08374244348500598	0.0840397980318775	0.0843148444376059	0.08456753849064458	0.08479808395734834	0.08500693215785662	0.08519477043219628	0.085362495268517	0.08551116344172474	0.08564192788803782	0.08575597815615665	0.08585450352919613	0.08593862406247077	0.08600933583348225	0.08606747667404507	0.08611369006067338	0.08614840195944662	0.08617181221776454	0.0861838981366442	0.08618442937278636	0.08617299315479696	0.08614902827557824	0.08611186594090126	0.08606077548759897	0.08599501403213283	0.08591388420917048	0.0858168174545052	0.08570349939039987	0.08557394693837311	0.08542833106477668	0.08526675495157032	0.08508934604259183	0.08489640559432965	0.08468840859594381	0.08446596777631041	0.08422983025595052	0.0839809617643062	0.0837206105010824	0.08344994305385159	0.08316953441373459	0.08287967080807146	0.08258070513960603	0.08227300315556388	0.08195686155838589	0.08163248844044985	0.0813000292813173	0.0809596280848956	0.08061150771253273	0.08025607025299494	0.07989398623353075	0.07952619057719829	0.07915373691902264	0.07877756706979311	0.07839828084389988	0.0780160888157162	0.0776310277296143	0.07724313713161476	0.0768524527980714	0.07645894262744475	0.07606244674507019	0.07566261339988109	0.07525885605618443	0.07485038596527203	0.07443632697284618	0.0740158536116889	0.07358829265706375	0.0731531755589043	0.07271025968376528	0.07225953460179688	0.07180121901803381	0.0713357493823224	0.07086376140196345	0.07038606649389598	0.06990362530011042	0.0694175198617436	0.068928925221649	0.06843908032675931	0.06794925721808773	0.0674607266559849	0.06697471778490566	0.06649237006848567	0.06601467887373996	0.06554244196366169	0.06507621941065514	0.06461631797722117	0.06416280081608311	0.06371551183545891	0.06327410155931094	0.06283804901515948	0.06240668350874151	0.061979213224379145	0.06155476432169549	0.061132429326821974	0.06071132069093574	0.060290624683958585	0.05986965097705953	0.05944787346181345	0.05902495822895598	0.058600775753929996	0.05817539628679569	0.05774906961786849	0.05732219205844685	0.05689526434584696	0.05646884441284565	0.05604349880380605	0.055619756077939675	0.055198064853449955	0.054778758362096905	0.05436202674858026	0.05394789801784451	0.05353622842916833	0.05312670302501596	0.05271884667532643	0.052312045494291415	0.05190557785997041	0.05149865366636834	0.05109045992785681	0.05068021043841005	0.05026719684411157	0.04985083821420608	0.04943072601869927	0.04900666138520712	0.04857868166994454	0.04814707379032583	0.04771237246598341	0.04727534250495359	0.04683694550963262	0.04639829276426209	0.045960587444064296
0.7853981633974483	0.41939924147458374	0.4187319562940174	0.4176393430894071	0.41614789398874596	0.41429127720239406	0.4121079155657808	0.40963834532311616	0.40692262771854837	0.4039980651048891	0.400897422294847	0.3976477816252034	0.39427007807524	0.39077928071587625	0.38718511931174315	0.38349320767306616	0.3797063921563204	0.37582615437353895	0.3718539180963357	0.36779214556500417	0.363645150896983	0.3594196012021987	0.35512471376095384	0.3507721864752885	0.34637591709736126	0.3419515746605538	0.3375160856785402	0.33308709042811346	0.3286824136161696	0.32431958134115524	0.3200154043604137	0.3157856374866205	0.31164471705310526	0.3076055728930799	0.3036795079030239	0.29987613654526646	0.29620337307370365	0.29266746037016694	0.28927303069711596	0.2860231901832527	0.28291961937748283	0.27996268276390945	0.27715154082444315	0.2744842591882772	0.2719579107035114	0.2695686679164169	0.2673118853596817	0.26518217304219466	0.2631734643511244	0.2612790829380807	0.2594918138434137	0.2578039839077077	0.2562075556218878	0.2546942366553588	0.2532556051935983	0.25188324879622825	0.2505689122036908	0.24930464779282024	0.24808296129005541	0.24689694501611972	0.2457403915760161	0.24460788163141187	0.24349484224435783	0.24239757205964452	0.24131323281376416	0.24023980971396264	0.23917604249900806	0.23812133189414944	0.23707562693044398	0.23603929935165208	0.23501301186027745	0.23399758713956428	0.23299388445374639	0.23200269011933075	0.23102462694192	0.2300600891070244	0.22910921867645181	0.2281718901190444	0.22724771704957258	0.22633608479681852	0.22543621226245056	0.22454724286031438	0.22366834062683488	0.2227987358114618	0.22193781185951586	0.22108517661190552	0.2202407147391237	0.21940462196667923	0.2185774140955685	0.21775991642603948	0.2169532352175873	0.21615871352821703	0.21537787526716304	0.21461236174806286	0.21386386493037585	0.21313406076694874	0.2124245435100606	0.21173675328019712	0.21107186868671454	0.21043063752147928	0.20981328331154642	0.20921978730400115	0.20865018509056807	0.2081043940947148	0.20758200824294787	0.20708233811543733	0.20660449116683996	0.2061473418000264	0.20570935393733014	0.2052884410494372	0.20488249903688416	0.20449018593782847	0.20411038928897746	0.20374173937132814	0.20338282389600248	0.2030323593675885	0.20268914846637404	0.20235199387171607	0.20201962206760396	0.20169058512386623	0.2013631284083249	0.20103506826707437	0.20070379950707662	0.20036650333276787	0.2000204858428052	0.19966353601203432	0.19929400604466269	0.19891049867694216	0.1985116594702945	0.19809626518641332	0.19766335425852466	0.19721230454882308	0.19674289172706536	0.19625531967310075	0.19575016323691877	0.1952282116247979	0.19469028757450563	0.1941371162589614	0.19356926011936149	0.19298710152094112	0.1923908523249449	0.19178057856834319	0.19115623705374563	0.19051772303125486	0.18986492631524984	0.18919779147252672	0.18851637755381168	0.18782091367966408	0.18711184806492215	0.18638988960568117	0.18565604291916327	0.18491163931091303	0.1841583662398795	0.18339829451566037	0.18263389536164573	0.18186803308897692	0.18110392128380673	0.18034504310311122	0.1795950496826469	0.17885765328450032	0.17813652446100212	0.17743519505353197	0.1767569669344164	0.1761048281383534	0.17548137985274712	0.17488877819262258	0.17432869406645787	0.1738022935210108	0.17331024007731505	0.17285271939360025	0.17242948470322028	0.17203991910075095	0.17168310864431943	0.17135791902307013	0.17106306832496967	0.1707971890915814	0.1705588742938463	0.17034670410236874	0.17015925316125355	0.16999508097226976	0.16985271027067111	0.16973059946789135	0.169627115330642	0.1695405113511752	0.1694689160627343	0.16941033407188483	0.1693626609318767	0.1693237112923851	0.16929125822074775	0.16926308043854563	0.16923701366369837	0.16921100236545103	0.16918314890974856	0.16915175802401272	0.16911537543046676	0.16907282015237168	0.16902321029762413	0.1689659821091497	0.16890090184906292	0.16882806976842754	0.1687479151082982
1.0471975511965976	0.18985765667860255	0.18966914679077668	0.18936926524220243	0.1889784213440831	0.18852279646521583	0.1880321206696162	0.18753724529882812	0.18706777140728534	0.18664997169440992	0.1863051918868766	0.18604884559004436	0.1858900361403861	0.18583176208239835	0.18587160012537235	0.18600271821193692	0.18621505499107083	0.18649650968848028	0.18683401369095787	0.18721439527986794	0.18762499404961586	0.18805402423905299	0.18849072064957026	0.18892532343128035	0.1893489676411268	0.18975354116475393	0.1901315630267785	0.190476116869149	0.19078085519756285	0.19104007218064256	0.19124882877997867	0.19140310518934953	0.19149995232821437	0.19153761594726357	0.19151561260996527	0.1914347449130399	0.19129705222465712	0.1911057015310719	0.19086482959375173	0.1905793518561234	0.19025475517892323	0.1898968907144604	0.18951178056554038	0.189105448019075	0.18868377686230278	0.18825240126510243	0.18781662446093791	0.18738136226047178	0.18695110633390977	0.18652990204910064	0.18612133617323065	0.18572853064011038	0.18535413948993293	0.18500034699690895	0.18466886552913359	0.18436093219429878	0.18407730364868247	0.18381824881731967	0.18358353976194167	0.1833724416083295	0.1831837029255123	0.18301554936106684	0.18286568284257856	0.18273129086554568	0.1826090675050847	0.18249525026656604	0.1823856741766498	0.18227584368116792	0.18216102149542357	0.18203633196763225	0.1818968751667919	0.18173784684751199	0.18155465881405825	0.18134305409626092	0.181099212075306	0.18081983703868312	0.18050221197259098	0.18014425669686404	0.17974455454895208	0.17930236739393143	0.17881761056581053	0.17829080127627572	0.17772301744700741	0.1771158391595214	0.17647127655778513	0.17579168983877444	0.1750797108935133	0.17433817104077265	0.17357003272182164	0.17277832971067542	0.17196611734780207	0.1711364332092661	0.1702922682457221	0.16943654774163544	0.16857212083356393	0.16770175696591078	0.16682814812880808	0.16595391886036115	0.16508165213009715	0.16421392618455039	0.16335330018834482	0.16250221611910431	0.16166301617571344	0.1608380300255866	0.16002948392440464	0.15923939710506574	0.15846957157376207	0.15772162450188817	0.15699706504013472	0.15629730696478047	0.15562337927036365	0.1549757930025621	0.15435490139339048	0.15376077813957761	0.15319302283809022	0.15265084961910497	0.15213316191883214	0.1516385876964047	0.1511655262852062	0.15071221312842947	0.15027680004448954	0.14985742872475408	0.14945226097597544	0.14905944917905536	0.14867704047087646	0.14830286136708626	0.14793453812405993	0.14756959160689154	0.14720542657418634	0.14683932897983656	0.14646854155858235	0.14609034324898074	0.1457020904607369	0.145301251077306	0.14488546068271596	0.14445258800122462	0.14400078573997704	0.14352852477794145	0.1430346239590339	0.14251828120953333	0.141979100671195	0.14141710834835466	0.1408327532817875	0.14022689501220562	0.13960077909010618	0.13895600236235645	0.13829446976058196	0.13761834431968933	0.1369299919917756	0.1362319224610225	0.13552672674026703	0.13481701218782685	0.13410533629344346	0.1333941425480387	0.13268570423240925	0.13198208269446854	0.131285103410031	0.13059634714007812	0.12991714960581188	0.1292486043215658	0.1285915674406806	0.12794666662687962	0.12731431629933096	0.12669474004347062	0.12608799923561628	0.12549402587037944	0.12491265706186062	0.12434366835875717	0.123786802896665	0.12324179378419223	0.1227083780731327	0.12218630191824685	0.1216753176556163	0.12117517425075576	0.1206856028887775	0.12020629954359599	0.11973690630423427	0.11927699313204254	0.11882604163701486	0.11838343244502358	0.11794843774949204	0.11752022056160398	0.11709784183991256	0.11668027606052872	0.11626643500398945	0.11585519877304616	0.1154454524628557	0.11503612653355105	0.11462623876024118	0.11421493559797563	0.11380153083848107	0.11338553950782153	0.1129667050466623	0.11254501795520437	0.11212072433420378	0.11169432317854058	0.11126655191681857	0.11083836052308693	0.11041087548236403	0.1099853558481026	0.10956314442695449
1.3089969389957472	0.31884553286487877	0.318116181892318	0.3169234436197764	0.31529947622272947	0.31328594204522753	0.31093123747923607	0.3082874382215725	0.3054072655025077	0.30234135711353377	0.299136071435983	0.2958319729682716	0.2924630567620039	0.28905668009823615	0.2856340945734244	0.2822114191867371	0.27880086939862697	0.2754120583224581	0.2720532101297575	0.2687321655363776	0.26545710675159767	0.2622369765938321	0.2590816071384112	0.2560016030399861	0.25300804184892683	0.2501120587990666	0.24732437899281107	0.24465484893170097	0.24211200542298364	0.2397027060856369	0.23743183416957803	0.2353020823326745	0.2333138155341333	0.231465011652727	0.2297512786944009	0.22816594823505956	0.2267002449143589	0.22534353058217585	0.22408361881121328	0.22290715113586654	0.2218000211887991	0.22074782778672047	0.2197363339487662	0.21875190668839878	0.2177819127844414	0.2168150487992341	0.2158415891117724	0.2148535430190527	0.21384472007972102	0.21281071076088834	0.21174879607699004	0.21065780445287868	0.20953793613538169	0.20839057480729528	0.2072181033592282	0.20602373615399472	0.20481137488573076	0.20358548976426233	0.20235102320365114	0.2011133098641699	0.19987800562138466	0.19865101669482235	0.19743842372321624	0.19624639464222776	0.19508108627319096	0.193948533838092	0.1928545323954187	0.19180451437482174	0.19080342853615784	0.1898556256829924	0.18896475589401812	0.18813368108445833	0.18736440558500111	0.18665802626929734	0.18601470230175665	0.18543364594212283	0.1849131488432219	0.18445060741478858	0.18404256373515307	0.18368476131901817	0.18337223988762597	0.18309945089999577	0.18286035464219197	0.18264852667856904	0.18245728583757867	0.18227983530461625	0.1821093931775925	0.18193931756750042	0.18176322491254907	0.18157509837443178	0.1813693832663505	0.18114106722236228	0.18088574375961944	0.1805996586081684	0.18027973881919207	0.17992360510423278	0.17952956738837694	0.1790965996749715	0.17862428147517379	0.17811270298706192	0.17756239147589875	0.17697432897302132	0.17634996583246848	0.17569123540475712	0.17500058946456534	0.1742809086469195	0.17353541196784575	0.17276755984798248	0.1719808748889958	0.17117885092494795	0.17036526762454643	0.1695443630662724	0.1687204321466957	0.16789779125782495	0.16708083473604446	0.16627393993510822	0.1654813713101748	0.16470718169547516	0.16395510467814342	0.16322843640017465	0.16252990737542183	0.16186157049752484	0.16122476063292548	0.16062015806602845	0.16004797300334744	0.15950818405956307	0.15900060127118582	0.15852475773339308	0.1580798401773193	0.15766464883197387	0.15727758522662258	0.15691669202096456	0.15657971936713	0.156264192223834	0.1559674553348188	0.1556866896810455	0.15541891609249794	0.15516100316880835	0.1549096902484159	0.15466162901191435	0.15441343930987259	0.1541617722348841	0.15390337644654745	0.15363516621087137	0.15335428973423995	0.15305819585570327	0.15274469688297898	0.15241202526143802	0.15205888185164193	0.15168447407156524	0.15128854317884155	0.1508713812342146	0.15043383879117422	0.14997732272973716	0.14950377978162985	0.1490156581133517	0.14851584130638382	0.14800755667968601	0.14749426733408816	0.14697955879080277	0.14646702748940518	0.14596017461319383	0.14546230741282165	0.144976450664039	0.14450527152511095	0.14405102097452258	0.14361549412653482	0.1432000104346699	0.14280541350779022	0.1424320891028056	0.14207999877604158	0.14174872568709443	0.14143752826667796	0.14114539700131015	0.14087110953866033	0.14061327975285023	0.14037039737987128	0.14014085629939602	0.13992297131330247	0.1397149850448595	0.13951506804140626	0.13932131610680332	0.1391317492573187	0.13894431650515957	0.13875690996932938	0.13856739065521098	0.13837362674271017	0.1381735435583226	0.13796518282163625	0.13774676750930137	0.13751676796554516	0.13727396477184917	0.13701750428169338	0.13674694343602414	0.13646228129029642	0.13616397545875936	0.1358529423704418	0.1355305408630676	0.13519853926145362	0.1348590667175203	0.13451455022921438
1.5707963267948966	0.21920590337463552	0.21903550091549695	0.21876476600542638	0.21841225779056384	0.2180013689994843	0.2175580558495268	0.21710838973712987	0.21667621304382267	0.21628115465543707	0.21593720106440906	0.21565193670883986	0.21542647589948105	0.21525602222281415	0.21513092180827764	0.21503803277289257	0.2149622182243589	0.21488778321550284	0.21479971158163846	0.21468460838119552	0.21453130826905387	0.2143311606847178	0.21407804230596428	0.21376817169490425	0.21339980941844527	0.21297292089544106	0.2124888625671869	0.2119501295147913	0.2113601792230988	0.21072332591130338	0.21004468548727362	0.20933014395995908	0.20858632181911407	0.20782051207115682	0.20704057821793398	0.20625480819463837	0.20547172909700417	0.2046998939419482	0.20394765496961398	0.20322293810614078	0.2025330307899248	0.20188439145065795	0.20128248469558185	0.20073164275675515	0.2002349517216242	0.1997941607906325	0.1994096141054833	0.1990802070003692	0.1988033710467071	0.19857509414861485	0.19838998250648987	0.1982413701262531	0.19812147866795593	0.19802162621333363	0.19793247865381491	0.1978443326497823	0.19774741536930085	0.19763218409164418	0.1974896086454877	0.1973114216042321	0.19709032438334417	0.19682014320744878	0.1964959324021145	0.19611402827618796	0.1956720601373978	0.19516892740477632	0.1946047519687828	0.19398081455246508	0.19329948148985554	0.19256412586657756	0.19177904425104886	0.19094936798312234	0.19008096652990936	0.18918033999172568	0.18825449868337352	0.18731082561124102	0.18635690432270702	0.18540037547867594	0.18444878715059387	0.18350941994465708	0.1825891130973567	0.1816941070350968	0.1808299364623578	0.18000131207301995	0.17921202902743794	0.17846491185003266	0.17776178525065645	0.17710346304335134	0.1764897603246327	0.1759195258991879	0.17539069113857597	0.17490033281877615	0.17444474814918942	0.17401954070895953	0.17361971638315388	0.17323978858501654	0.17287389230767658	0.17251590791547833	0.1721595967570897	0.171798738148068	0.17142727166305172	0.17103949725229528	0.17063021342102647	0.17019475259902928	0.16972902523044353	0.16922959524798076	0.16869376951517046	0.16811969052347553	0.1675064468432037	0.1668540823663781	0.1661634635042184	0.16543634945706864	0.16467528095958883	0.1638832838798484	0.16306378820260625	0.16222062707580343	0.16135796885117937	0.16048023867399364	0.15959204490475198	0.1586981174748966	0.1578032587097018	0.15691229760111225	0.1560300476521398	0.15516125008941462	0.15431041870949724	0.1534816199288105	0.15267831222048522	0.15190322657451594	0.15115829193558616	0.15044463856873447	0.14976264040622733	0.14911195979934677	0.1484915947031482	0.1478999373912684	0.14733484064186209	0.14679367971862056	0.14627340986283455	0.1457706294071901	0.14528165859675712	0.14480263717868402	0.1443296353726624	0.14385876974589495	0.143386317655532	0.14290882595015847	0.1424232099235621	0.14192683850700177	0.14141760214966803	0.14089396065372295	0.14035496915057477	0.1398002813230123	0.13923012995983503	0.13864528617837768	0.1380470003297084	0.13743692948354236	0.13681705760622392	0.1361896140514221	0.13555699381059472	0.13492168079401584	0.1342861750411809	0.13365292612959	0.1330242764156937	0.1324024175278129	0.13178936164294097	0.13118692678932065	0.1305967340461741	0.13002021420376864	0.1294586214557205	0.1289130515022225	0.12838446115564994	0.12787368650625863	0.12738145710203108	0.12690840433647388	0.12645506309513005	0.12602186648360258	0.12560913405929908	0.12521705442918668	0.12484566341096964	0.1244948192492964	0.12416417669995267	0.1238531621801634	0.1235609525824295	0.12328646062840909	0.1230283296536333	0.12278494038387638	0.1225544315919549	0.12233473556481816	0.12212362814556171	0.12191879184258309	0.12171788924441324	0.12151864289679426	0.12131891704385367	0.12111679632171501	0.12091065665527956	0.12069922419648371	0.12048161904655613	0.12025738160320348	0.12002648056501719	0.11978930283994382	0.11954662678500705	0.11929958127278806	0.11904959391887016
1.832595714594046	0.2907976257471146	0.2900512558621489	0.2888329075337419	0.2871796492859612	0.2851400592459603	0.28277103205696524	0.28013423068880156	0.2772925310110516	0.274306782594635	0.2712331461901405	0.26812117804335023	0.26501272835563416	0.26194162125065223	0.25893400024495933	0.2560091662492161	0.2531807092567044	0.2504577394675921	0.24784605337315593	0.24534911680962013	0.24296880035231036	0.24070585331246525	0.23856014368332965	0.23653071827377414	0.23461574880703068	0.23281242765818821	0.2311168649066913	0.22952402120981452	0.22802769328093583	0.22662055413796647	0.2252942409352241	0.22403947963280343	0.22284623708740128	0.22170389549142813	0.2206014491749602	0.21952772752792468	0.2184716487371963	0.21742250659325965	0.21637028716516518	0.21530600481090525	0.21422203940247458	0.21311245052826427	0.21197324125307285	0.2108025446807304	0.2096007112609247	0.2083702829586964	0.20711585087974307	0.20584380415588874	0.20456198818246182	0.20327929820462728	0.20200523876755172	0.20074948024636735	0.19952144081281548	0.1983299164653184	0.1971827743064236	0.1960867164154858	0.195047114499881	0.19406791001333418	0.19315157103425565	0.19229909591198444	0.1915100548511012	0.19078266058643464	0.19011386487577903	0.18949947688459984	0.1889343013270929	0.18841229642944676	0.18792674916724764	0.18747046529489128	0.18703596934590605	0.1866157083951726	0.18620225222060327	0.1857884821471283	0.185367761378817	0.18493408090844443	0.1844821765135095	0.18400761726726408	0.1835068843060474	0.18297739419528197	0.1824174848649747	0.18182641597874144	0.181204354562856	0.18055235487901142	0.1798722815253369	0.17916674913086464	0.1784390640246076	0.17769314618339235	0.17693344420473794	0.1761648297130206	0.17539248142272143	0.17462176031002039	0.1738580770295336	0.17310675520689156	0.17237289522731628	0.17166124354798667	0.17097607249415536	0.17032107491798731	0.1696992765844323	0.16911296506464607	0.1685636269760702	0.16805189122045164	0.16757748635253006	0.16713924336640926	0.16673526591583004	0.1663630912918272	0.16601969621165505	0.16570152876434566	0.16540458425906704	0.16512445018800426	0.16485628827807727	0.16459491605886156	0.16433508394538246	0.16407158214007556	0.1637994263854205	0.16351391199073062	0.16321069450308484	0.16288592765930357	0.16253633971548645	0.1621592934142912	0.16175281987642967	0.1613156196224499	0.16084702931388173	0.16034696829875747	0.15981589106480062	0.15925478199993168	0.15866526947254672	0.15804978537662434	0.15741159777955427	0.15675468417996336	0.15608351561784622	0.1554028776435997	0.15471771590425007	0.1540329737366711	0.15335344827885156	0.15268367174153305	0.1520278014840167	0.15138950965854953	0.15077187776381104	0.1501773076092592	0.14960746013249787	0.14906322958693566	0.14854475327472152	0.1480514519326135	0.14758209540291645	0.1471348887320395	0.1467075737306767	0.1462975409791736	0.1459019474449627	0.14551783506349683	0.14514224582661037	0.14477232935885773	0.14440543983257254	0.14403922023409618	0.14367167279631937	0.14330121393893583	0.14292671009182253	0.14254748883035595	0.14216332029785786	0.14177436766596285	0.14138111033995793	0.14098424748113358	0.14058459175852814	0.14018296417140913	0.13978009992037224	0.13937657298143616	0.13897274450716324	0.13856873810970208	0.13816444318433155	0.13775954541269025	0.13735358155255098	0.1369460137822118	0.13653631729812424	0.13612407356680575	0.13570906066627766	0.13529133170405214	0.1348712726484277	0.13444963230262721	0.1340275196407651	0.13360636709065046	0.13318786212655456	0.13277385312761245	0.13236623828554347	0.13196684799459651	0.1315773314638275	0.13119905734596407	0.13083303625302134	0.1304798704940335	0.1301397336023906	0.1298123795523636	0.12949717925462137	0.12919318013080727	0.12889918334952374	0.12861383261260134	0.12833570810636555	0.12806341927506273	0.127795690376876	0.1275314333468861	0.12726980334391727	0.12701023351244617	0.12675244691287926	0.1264964451804037	0.12624247515302595
2.0943951023931953	0.22928607163696868	0.22912181939552723	0.22886053832152858	0.22851929726268666	0.22811921861074444	0.22768318108770355	0.2272333811965603	0.22678905903244814	0.22636466053327828	0.22596863761803304	0.2256029924416254	0.2252635679131139	0.2249409898912181	0.22462209103197772	0.22429160160220596	0.22393388245339257	0.2235344976633307	0.2230814720099802	0.22256614108188139	0.22198356793360552	0.22133255919133427	0.22061535747297248	0.2198371116374543	0.21900523133035182	0.21812872052979657	0.2172175616156117	0.21628219317191705	0.21533309725917618	0.21438048987027541	0.21343409436386707	0.21250297239222646	0.21159538894865376	0.2107186951789692	0.2098792215836127	0.20908218245660826	0.20833159790139402	0.20763024161731977	0.20697962102163892	0.20637999217808017	0.20583040695786206	0.20532878544492864	0.20487200408219144	0.20445599011518942	0.20407581549710838	0.20372578789054982	0.20339954160158216	0.2030901358863361	0.20279017089096618	0.20249193171695623	0.20218756849297967	0.20186931525133958	0.2015297436799525	0.20116204068209462	0.200760292483756	0.20031975375647382	0.199837078843971	0.19931049382722182	0.19873989266244188	0.1981268473100074	0.19747452907437799	0.19678754785099756	0.19607171997474612	0.19533378260226086	0.19458107484683967	0.1938212059059224	0.1930617289495118	0.19230983685257555	0.1915720916396461	0.19085419563248984	0.1901608086406004	0.18949541267496767	0.18886022373226968	0.18825614917071745	0.18768278909318287	0.18713847637745742	0.1866203344899558	0.18612441681060768	0.18564588243886146	0.18517916570922752	0.18471817254619877	0.18425650147545353	0.18378771933384774	0.18330558897719446	0.18280429014220476	0.18227863341228648	0.18172424868652778	0.18113772811438283	0.18051672739993507	0.17986002184509564	0.17916751523991734	0.17844020365173954	0.17768009871013726	0.17689011685307374	0.17607394216221645	0.1752358708611929	0.17438064564746109	0.17351328890551443	0.1726389439045176	0.17176271981934693	0.1708895599256945	0.17002419420235448	0.16917101165463183	0.1683338848957971	0.16751607074791347	0.16672012399501268	0.16594786157742825	0.16520037876640267	0.164478111986454	0.16378084434814108	0.16310772767157225	0.16245753740524893	0.16182847049449045	0.1612180585317815	0.16062332383800665	0.1600409242694431	0.15946728334825655	0.15889872157108076	0.15833158154097454	0.15776235551537177	0.157187815435015	0.15660514100732162	0.15601206185689862	0.15540699116167148	0.1547890271989644	0.154157862769558	0.15351369223902278	0.15285707401523446	0.1521888446301295	0.1515101174336659	0.150822299077289	0.15012707692327854	0.14942638582823858	0.14872236904126104	0.14801732324564393	0.1473136187866954	0.14661360776807258	0.14591953771237245	0.14523347957643942	0.14455727200370935	0.14389248037581387	0.14324036936336867	0.14260188998664472	0.14197768307121664	0.14136809984660073	0.1407732387574156	0.14019299603595597	0.1396271262440365	0.13907530785888508	0.13853720824252513	0.13801254227196144	0.13750111972285292	0.13700287808125372	0.13651789919430404	0.1360464092051555	0.13558876132522746	0.13514540118119542	0.1347168159542062	0.13430347107034893	0.1339057404600025	0.13352383760020123	0.1331577545454907	0.13280721485032462	0.13247164422518884	0.13215016101562319	0.13184158748268082	0.13154448181760806	0.13125718937572045	0.1309779099107995	0.13070477606113987	0.1304359373098302	0.1301696432526781	0.12990432026147272	0.12963863644694992	0.1293715510519775	0.1291023458212911	0.12883063725730726	0.1285563698152426	0.12827979100107034	0.12800141012027408	0.12772194320039057	0.127442247416167	0.12716324913537033	0.12688587036587454	0.1266109587745064	0.12633922641764267	0.1260712017732919	0.12580719859061595	0.12554730358895372	0.12529138335270146	0.1250391091209802	0.1247899967583576	0.12454345812112798	0.12429885932555372	0.12405558106545753	0.12381307611260314	0.12357091948770603	0.12332884754142412	0.12308678331976072	0.12284484700563694	0.12260335172841895
2.356194490192345	0.28012261044909453	0.27936994966241485	0.2781433188098777	0.27648371820911566	0.2744451814435179	0.27209114478399177	0.2694903971754026	0.26671300438205925	0.2638265730575115	0.26089314909880146	0.25796694288092337	0.25509295882308314	0.2523064959102983	0.24963339470185913	0.2470908457557009	0.24468854898744402	0.24243002172599362	0.2403138882916635	0.23833503549475982	0.23648557499607373	0.23475560445438445	0.23313379705755077	0.2316078694462566	0.23016498121585685	0.2287921084883447	0.2274764149985576	0.22620562295117136	0.22496836811233709	0.22375451301777002	0.22255539037212135	0.22136395500849576	0.2201748347391465	0.21898428464855085	0.21779006234999648	0.21659125062030377	0.2153880570317222	0.21418161752199338	0.21297382338857357	0.21176718098513025	0.21056470285207549	0.2093698203844963	0.20818630306848124	0.20701816854692745	0.20586957108746332	0.204744662378318	0.20364742638430777	0.20258149751396567	0.20154997702623145	0.20055526538810053	0.19959892778299698	0.19868160642674146	0.19780298767282606	0.19696182513862626	0.19615601367146926	0.195382703881324	0.19463844400102998	0.193919335194132	0.1932211879615214	0.19253967032001942	0.19187044293819408	0.19120927767501103	0.19055216380894116	0.1898954026569121	0.18923569429221845	0.1885702187199007	0.1878967115390937	0.1872135320055243	0.1865197193055008	0.1858150315798125	0.18509996193645875	0.18437572652290163	0.18364422155738303	0.18290794870407157	0.18216991056993712	0.18143348346720464	0.18070228956150666	0.17998003233598436	0.17927032678626412	0.1785765593341123	0.17790177270556135	0.1772485752839148	0.17661902762522652	0.17601458045849122	0.1754360471337125	0.17488359539634526	0.17435675487605912	0.17385443686625393	0.1733749702328117	0.17291615206074912	0.17247531150158296	0.17204938654389393	0.17163501365095904	0.17122862971121738	0.1708265847625574	0.17042526256690144	0.1700212039791689	0.16961122339849183	0.16919250098783506	0.1687626417566283	0.16831971761378456	0.16786231986408853	0.16738968980698649	0.1669018351564818	0.16639950076418306	0.16588405664461672	0.16535739028960866	0.1648217670929064	0.16427961987630926	0.163733429253011	0.16318574838074987	0.16263903186965897	0.16209567149754175	0.16155792148256165	0.1610277571695003	0.16050679338082885	0.15999621483035084	0.15949672966961898	0.15900852632312767	0.15853123422383583	0.15806389128991954	0.15760492883740793	0.15715218708589054	0.1567029878263635	0.15625434609416292	0.15580324008541363	0.15534679214503852	0.1548823973492188	0.15440779598688492	0.15392111806993938	0.15342094315551666	0.15290635683210685	0.1523769910687489	0.15183304869641426	0.1512753056315293	0.15070508401389865	0.15012419240507538	0.14953483677581234	0.14893951604389713	0.14834091693284507	0.14774181606559703	0.14714499242706613	0.14655315261058355	0.14596887050239588	0.14539454131615165	0.1448323484707718	0.14428424106584511	0.14375191935915493	0.14323682556929695	0.1427401376033911	0.14226276402962526	0.14180533963874162	0.14136822176645525	0.14095148747496253	0.1405549304913719	0.140178055454794	0.13982006720008183	0.1394798550522304	0.13915597519035797	0.13884663663232277	0.13854969771630737	0.1382626796877076	0.13798280185381914	0.13770703957632113	0.1374322035540536	0.13715503692824038	0.1368723253444563	0.13658101398205216	0.136278324871327	0.13596186771417065	0.13562973778855023	0.13528059507614612	0.13491371934583946	0.13452903667647723	0.13412711412106626	0.1337091211351915	0.13327675897902835	0.132832162242369	0.13237777945538393	0.13191624191846557	0.13145023099430528	0.1309823539581353	0.13051503718497778	0.1300504432869062	0.1295904162138116	0.12913645566722287	0.12868971971266296	0.12825105238947218	0.12782103152907623	0.1274000309677526	0.12698829087209276	0.12658598991725933	0.12619331347526538	0.125810512697184	0.12543795034553773	0.12507613039605042	0.12472570970940641	0.12438749137066686	0.12406240048921909	0.12375144425529483	0.1234556588330189
2.6179938779914944	0.23328467238227635	0.23312282470247647	0.23286501208133625	0.2325272864210146	0.23212922924233148	0.23169165452434703	0.23123420493390012	0.23077316366034223	0.23031976364752052	0.22987919547846022	0.2294504087989382	0.22902668782458419	0.22859687736263645	0.22814705728558576	0.22766242062905187	0.2271291069072811	0.22653577457605947	0.22587475597599987	0.22514271219979626	0.22434078079546696	0.2234742741571439	0.22255203236489213	0.22158555707628844	0.22058805337820972	0.2195734886169076	0.21855574789600274	0.21754793268610187	0.2165618185493157	0.21560746510941006	0.21469295830833673	0.2138242613756287	0.213005154513054	0.21223725066787297	0.21152008239194023	0.21085125980993094	0.2102267005407626	0.20964092885821464	0.20908743453900225	0.20855907367434695	0.20804848644241977	0.20754850240348025	0.20705250352739085	0.20655471918917137	0.206050435126065	0.20553610844354106	0.20500939140078714	0.20446907608931367	0.20391497879712872	0.20334778598420197	0.20276888326109552	0.2021801851512599	0.2015839777207988	0.20098277984235022	0.2003792230958949	0.1997759461915169	0.19917549792433953	0.19858024307369224	0.19799226797179686	0.19741328597064076	0.19684454615345545	0.19628675394691655	0.19574000929253318	0.19520377335795394	0.1946768692736273	0.1941575205080539	0.19364342636891543	0.19313186983452152	0.1926198493863698	0.19210422413132763	0.19158186057875604	0.19104977006695018	0.1905052278183605	0.189945867564063	0.1893697492841998	0.18877539682132932	0.18816179130548621	0.1875283915076443	0.18687513453360374	0.1862024043497272	0.18551098794009865	0.18480203348623098	0.18407705792334456	0.18333789593139013	0.18258664931725582	0.18182564335902185	0.1810573719078294	0.18028442893101365	0.1795094312944841	0.17873493543208258	0.17796335083372786	0.17719685482681885	0.176437313821978	0.175686216031398	0.17494461989368126	0.1742131212600125	0.1734918414041406	0.17278043866877055	0.17207814812487182	0.1713838385474086	0.17069606918485836	0.17001318441792587	0.16933341084561532	0.16865489936799127	0.16797575161109607	0.16729407940732902	0.16660809550373315	0.16591622079938104	0.16521720816236107	0.1645101747600182	0.16379463142715758	0.16307076545306387	0.16233918981440587	0.16160065025990017	0.1608560850206671	0.16010667319904892	0.15935379672489958	0.15859899647940434	0.15784392627545552	0.15709030961151305	0.1563399018814318	0.15559445984769074	0.1548557451767793	0.15412555531203456	0.15340567229198387	0.15269776121588963	0.15200327611474657	0.15132329667764846	0.150658423255592	0.15000881751339346	0.14937430569886434	0.1487544700572015	0.14814872508053986	0.14755639409343574	0.14697677322194413	0.1464091637972677	0.14585288159696702	0.1453072647518061	0.14477169207216287	0.14424561020232707	0.14372856159197286	0.14322020657065182	0.14272033760454728	0.1422288868108173	0.14174592827994933	0.14127167641095506	0.14080648104498802	0.14035081964497906	0.13990528611915737	0.13947057533728988	0.13904746221849826	0.13863677465225868	0.1382393603066725	0.13785604797062054	0.13748760369746676	0.1371346806822074	0.13679776094814064	0.13647708827072538	0.1361725952451192	0.13588383099813245	0.13560989791925415	0.13534940557312256	0.13510044835695695	0.13486061160086274	0.13462700942954806	0.13439635649097045	0.13416507373658337	0.13392942550599396	0.13368568173909418	0.13343029596844014	0.13316008735528212	0.13287241367681624	0.132565322007304	0.13223766499066694	0.13188917306995426	0.13152047655391585	0.13113307547536662	0.13072925931190488	0.13031198241994268	0.12988470425560422	0.1294512059545743	0.12901539644266125	0.1285811217933023	0.1281519909584976	0.1277312293043557	0.12732156872129793	0.12692517970038703	0.12654364701751597	0.1261779869520725	0.12582870068019475	0.12549585592893117	0.12517918732319	0.12487820513585188	0.1245923023053514	0.12432085051353924	0.12406327770503818	0.12381912155398263	0.12358805589897222	0.1233698898826724	0.12316454220274252	0.12297199521701095
2.8797932657906435	0.2761575244700992	0.27540259511260734	0.2741734198035177	0.27251319545117725	0.27047896373405256	0.2681376958063899	0.26556191974773946	0.2628253153752469	0.2599986706583356	0.2571465167145963	0.25432464877025074	0.2515786170883446	0.2489431538828939	0.2464424061684931	0.24409078160852216	0.2418941892763926	0.23985146756190334	0.23795582928993286	0.236196207939387	0.23455844609538012	0.23302631682007013	0.23158240272853137	0.2302088728355549	0.22888819475112143	0.22760380416694348	0.2263407315081022	0.22508616421848848	0.2238299083165567	0.222564708208991	0.22128639011124818	0.21999381000922624	0.21868860820887015	0.21737479457357667	0.2160582071448589	0.21474589867469585	0.21344550901601245	0.21216467646618065	0.21091052973507962	0.20968928693139355	0.208505971894841	0.20736424411413112	0.20626632832100755	0.2052130245325715	0.20420377862773442	0.20323679641876247	0.20230918900881334	0.2014171423091471	0.20055610747654384	0.19972101082032023	0.19890648117520715	0.198107090208137	0.19731759757137224	0.19653318912150164	0.19574969392924446	0.1949637650563515	0.19417301061841707	0.19337606530329965	0.192572597783655	0.19176325543699768	0.19094955432884164	0.19013372437584708	0.18931852869254084	0.18850706942985418	0.1877025969301076	0.18690833397045825	0.1861273232818229	0.18536230272349874	0.18461560855816062	0.18388910464998853	0.18318413394468824	0.1825014884270299	0.1818413946398278	0.18120351332611845	0.18058695300854127	0.17999030109704472	0.17941168723632595	0.17884884126563044	0.17829916679550972	0.1777598502494624	0.1772279937371884	0.17670076029065107	0.17617547349208557	0.17564973697525138	0.175121544956734	0.17458936356272436	0.174052183641555	0.1735095372785586	0.17296148382435883	0.1724085697568395	0.17185176661706736	0.17129239331620777	0.17073202974365032	0.17017242806860816	0.16961542689086706	0.1690628716690693	0.16851654231869512	0.16797808355141303	0.16744892427358926	0.16693018070654442	0.16642259011998733	0.16592654214181596	0.16544215881207552	0.16496931565951012	0.1645076106369115	0.1640563340381676	0.16361447355851527	0.16318070551345926	0.16275333852120732	0.16233036563117687	0.16190968340219253	0.16148910339575512	0.1610664989243693	0.16063993349741806	0.16020771762580344	0.1597684810824671	0.15932120217617451	0.1588652128211045	0.15840017965192893	0.15792605350303995	0.157442991448838	0.15695126818092775	0.15645119426338744	0.15594306526410157	0.15542722108309082	0.15490415424174564	0.15437454127368777	0.15383923769818758	0.15329923289790565	0.1527555849599696	0.1522093772499768	0.15166170040948612	0.15111364839214336	0.15056631883954996	0.15002081116588822	0.14947822129099453	0.14893963335505794	0.1484061076663381	0.14787866839647107	0.1473582965161303	0.14684592858627948	0.14634245807128832	0.14584873636680085	0.14536557177120868	0.14489372462759192	0.1444338970396538	0.14398671635593074	0.1435527126368778	0.14313229125283083	0.14272570256005673	0.14233301134425125	0.1419540693652901	0.14158849447974942	0.14123565874625127	0.1408946853422381	0.14056445118760913	0.1402435911827028	0.13993050209970187	0.13962334787361208	0.13932007074294367	0.13901841319488506	0.13871595412715704	0.1384101597661911	0.13809844702064744	0.13777825538281302	0.13744712330355702	0.1371027653880505	0.13674314724431852	0.13636655526516628	0.13597165902917974	0.13555756431051091	0.13512385483526157	0.13467062091053905	0.13419847296958015	0.13370853811897693	0.13320243816574556	0.13268224846637294	0.13215043823038702	0.13160979442824372	0.13106333291764816	0.13051420154672877	0.12996558064359554	0.12942058641733933	0.12888218244561578	0.12835310373410996	0.12783579692093544	0.12733237913975443	0.12684461689143445	0.12637392504515477	0.12592138485109616	0.1254877786600192	0.12507363796207754	0.12467930042027042	0.12430497083689263	0.12395078053895564	0.12361683960603392	0.12330327677496566	0.12301026275731736	0.12273801403282364	0.12248677581041156	0.12225678463296658
3.141592653589793	0.234386848843402	0.2342256570592658	0.23396874532322176	0.23363180279245555	0.23323386427355253	0.23279501752540144	0.2323340182344933	0.23186614068676592	0.23140154884849107	0.2309443879959192	0.23049268626411146	0.23003903725888808	0.22957192818429273	0.22907749871595984	0.22854147439228267	0.22795101785047267	0.2272962779831873	0.2265714814111861	0.22577548936345448	0.22491182205078997	0.22398821954463854	0.2230158543773333	0.2220083327069846	0.22098061892584453	0.21994799797604658	0.21892515773490095	0.21792543863864777	0.21696026620006026	0.2160387589905537	0.21516749196930518	0.2143503920449943	0.21358874672605532	0.2128813138935488	0.2122245273737926	0.2116127962525427	0.21103889436168388	0.21049443027148085	0.20997037896803028	0.20945764654489007	0.20894763123288373	0.2084327400482815	0.20790682149704498	0.20736548127591914	0.2068062588535604	0.20622865648232103	0.2056340264713319	0.2050253353415008	0.20440683310390462	0.20378366134201387	0.2031614348075299	0.2025458283969026	0.2019421956215548	0.20135523755476892	0.2007887338723613	0.20024534126943183	0.19972645985453963	0.1992321653166893	0.19876120349659798	0.1983110439500393	0.19787798871879203	0.1974573351034712	0.1970435844082321	0.1966306944605063	0.19621236389956986	0.19578233737632367	0.19533471523217671	0.19486425003617303	0.19436661101525798	0.19383859854539076	0.19327829378611217	0.19268513318881664	0.19205990347131863	0.19140465904564508	0.1907225702196631	0.1900177113956294	0.18929478936757338	0.18855889720406327	0.18781526013165184	0.18706896575084642	0.186324717081074	0.18558662883391097	0.18485811613141112	0.18414177036528367	0.18343928917265773	0.18275146094393557	0.1820781891594021	0.18141854543740887	0.1807708522426279	0.1801327921700937	0.1795015377861957	0.17887389668773013	0.17824646644049924	0.1776157935925784	0.17697853048777779	0.17633158338505428	0.17567224606884313	0.17499831659711607	0.17430820061499563	0.1736009905996756	0.17287648164003633	0.172135131553806	0.17137801998473878	0.17060680858992794	0.1698236171455545	0.16903086425834712	0.1682311577773925	0.16742721612636502	0.16662181746046834	0.1658176693355149	0.16501728234062507	0.16422314529884008	0.16343746038256657	0.16266181797068646	0.1618971731704575	0.16114394749989813	0.16040209060815913	0.15967113579716385	0.15895028178817427	0.15823849742259233	0.1575346421234658	0.1568375947832823	0.15614640985103012	0.1554604881825643	0.1547796414672289	0.15410407196364284	0.15343432713533733	0.15277114950818116	0.15211535427607137	0.15146782131607828	0.1508295200633687	0.1502015107443424	0.14958492686751934	0.14898095934311684	0.1483908357596493	0.14781577608676555	0.1472569295905144	0.1467153146525928	0.14619177854889687	0.14568698102433308	0.14520139431366874	0.14473530978630533	0.14428884572080058	0.1438619546607125	0.143454430101154	0.14306591248166023	0.1426958945692527	0.14234372630835868	0.1420086190405404	0.14168964878981105	0.14138575827543887	0.14109575760019732	0.14081832411557405	0.14055200243308175	0.14029520544695118	0.14004621645538518	0.13980319157724308	0.13956416137676775	0.13932703123277212	0.13908958153951456	0.138849470925267	0.13860424709257657	0.13835136955639404	0.13808824705899914	0.1378122910734968	0.13752098572233762	0.13721197289037135	0.13688314909814625	0.13653276844726314	0.13615954437300626	0.13576274230706709	0.1353422555580277	0.1348986575982576	0.13443322542915526	0.1339479307024657	0.13344539760192065	0.13292882884614365	0.13240190332854884	0.13186865077919674	0.13133331041688723	0.13080018181380126	0.13027347699339575	0.129757182968965	0.1292549433748178	0.12876996646473726	0.12830496456491747	0.12786212723087254	0.1274431271956753	0.1270491551386772	0.12668097676561285	0.12633900397421538	0.12602337112920148	0.12573400769045684	0.12547069952949697	0.1252331330624853	0.12502091860695985	0.12483359189143362	0.12467059516440882	0.12453124162488804	0.12441466871289442	0.12431978697038559
3.4033920413889427	0.2761575244700992	0.27540259511260734	0.2741734198035177	0.27251319545117725	0.27047896373405256	0.2681376958063899	0.26556191974773946	0.2628253153752469	0.2599986706583356	0.2571465167145963	0.25432464877025074	0.2515786170883446	0.2489431538828939	0.2464424061684931	0.24409078160852216	0.2418941892763926	0.23985146756190334	0.23795582928993286	0.236196207939387	0.23455844609538012	0.23302631682007013	0.23158240272853137	0.2302088728355549	0.22888819475112143	0.22760380416694348	0.2263407315081022	0.22508616421848848	0.2238299083165567	0.222564708208991	0.22128639011124818	0.21999381000922624	0.21868860820887015	0.21737479457357667	0.2160582071448589	0.21474589867469585	0.21344550901601245	0.21216467646618065	0.21091052973507962	0.20968928693139355	0.208505971894841	0.20736424411413112	0.20626632832100755	0.2052130245325715	0.20420377862773442	0.20323679641876247	0.20230918900881334	0.2014171423091471	0.20055610747654384	0.19972101082032023	0.19890648117520715	0.198107090208137	0.19731759757137224	0.19653318912150164	0.19574969392924446	0.1949637650563515	0.19417301061841707	0.19337606530329965	0.192572597783655	0.19176325543699768	0.19094955432884164	0.19013372437584708	0.18931852869254084	0.18850706942985418	0.1877025969301076	0.18690833397045825	0.1861273232818229	0.18536230272349874	0.18461560855816062	0.18388910464998853	0.18318413394468824	0.1825014884270299	0.1818413946398278	0.18120351332611845	0.18058695300854127	0.17999030109704472	0.17941168723632595	0.17884884126563044	0.17829916679550972	0.1777598502494624	0.1772279937371884	0.17670076029065107	0.17617547349208557	0.17564973697525138	0.175121544956734	0.17458936356272436	0.174052183641555	0.1735095372785586	0.17296148382435883	0.1724085697568395	0.17185176661706736	0.17129239331620777	0.17073202974365032	0.17017242806860816	0.16961542689086706	0.1690628716690693	0.16851654231869512	0.16797808355141303	0.16744892427358926	0.16693018070654442	0.16642259011998733	0.16592654214181596	0.16544215881207552	0.16496931565951012	0.1645076106369115	0.1640563340381676	0.16361447355851527	0.16318070551345926	0.16275333852120732	0.16233036563117687	0.16190968340219253	0.16148910339575512	0.1610664989243693	0.16063993349741806	0.16020771762580344	0.1597684810824671	0.15932120217617451	0.1588652128211045	0.15840017965192893	0.15792605350303995	0.157442991448838	0.15695126818092775	0.15645119426338744	0.15594306526410157	0.15542722108309082	0.15490415424174564	0.15437454127368777	0.15383923769818758	0.15329923289790565	0.1527555849599696	0.1522093772499768	0.15166170040948612	0.15111364839214336	0.15056631883954996	0.15002081116588822	0.14947822129099453	0.14893963335505794	0.1484061076663381	0.14787866839647107	0.1473582965161303	0.14684592858627948	0.14634245807128832	0.14584873636680085	0.14536557177120868	0.14489372462759192	0.1444338970396538	0.14398671635593074	0.1435527126368778	0.14313229125283083	0.14272570256005673	0.14233301134425125	0.1419540693652901	0.14158849447974942	0.14123565874625127	0.1408946853422381	0.14056445118760913	0.1402435911827028	0.13993050209970187	0.13962334787361208	0.13932007074294367	0.13901841319488506	0.13871595412715704	0.1384101597661911	0.13809844702064744	0.13777825538281302	0.13744712330355702	0.1371027653880505	0.13674314724431852	0.13636655526516628	0.13597165902917974	0.13555756431051091	0.13512385483526157	0.13467062091053905	0.13419847296958015	0.13370853811897693	0.13320243816574556	0.13268224846637294	0.13215043823038702	0.13160979442824372	0.13106333291764816	0.13051420154672877	0.12996558064359554	0.12942058641733933	0.12888218244561578	0.12835310373410996	0.12783579692093544	0.12733237913975443	0.12684461689143445	0.12637392504515477	0.12592138485109616	0.1254877786600192	0.12507363796207754	0.12467930042027042	0.12430497083689263	0.12395078053895564	0.12361683960603392	0.12330327677496566	0.12301026275731736	0.12273801403282364	0.12248677581041156	0.12225678463296658
3.665191429188092	0.23328467238227635	0.23312282470247647	0.23286501208133625	0.2325272864210146	0.23212922924233148	0.23169165452434703	0.23123420493390012	0.23077316366034223	0.23031976364752052	0.22987919547846022	0.2294504087989382	0.22902668782458419	0.22859687736263645	0.22814705728558576	0.22766242062905187	0.2271291069072811	0.22653577457605947	0.22587475597599987	0.22514271219979626	0.22434078079546696	0.2234742741571439	0.22255203236489213	0.22158555707628844	0.22058805337820972	0.2195734886169076	0.21855574789600274	0.21754793268610187	0.2165618185493157	0.21560746510941006	0.21469295830833673	0.2138242613756287	0.213005154513054	0.21223725066787297	0.21152008239194023	0.21085125980993094	0.2102267005407626	0.20964092885821464	0.20908743453900225	0.20855907367434695	0.20804848644241977	0.20754850240348025	0.20705250352739085	0.20655471918917137	0.206050435126065	0.20553610844354106	0.20500939140078714	0.20446907608931367	0.20391497879712872	0.20334778598420197	0.20276888326109552	0.2021801851512599	0.2015839777207988	0.20098277984235022	0.2003792230958949	0.1997759461915169	0.19917549792433953	0.19858024307369224	0.19799226797179686	0.19741328597064076	0.19684454615345545	0.19628675394691655	0.19574000929253318	0.19520377335795394	0.1946768692736273	0.1941575205080539	0.19364342636891543	0.19313186983452152	0.1926198493863698	0.19210422413132763	0.19158186057875604	0.19104977006695018	0.1905052278183605	0.189945867564063	0.1893697492841998	0.18877539682132932	0.18816179130548621	0.1875283915076443	0.18687513453360374	0.1862024043497272	0.18551098794009865	0.18480203348623098	0.18407705792334456	0.18333789593139013	0.18258664931725582	0.18182564335902185	0.1810573719078294	0.18028442893101365	0.1795094312944841	0.17873493543208258	0.17796335083372786	0.17719685482681885	0.176437313821978	0.175686216031398	0.17494461989368126	0.1742131212600125	0.1734918414041406	0.17278043866877055	0.17207814812487182	0.1713838385474086	0.17069606918485836	0.17001318441792587	0.16933341084561532	0.16865489936799127	0.16797575161109607	0.16729407940732902	0.16660809550373315	0.16591622079938104	0.16521720816236107	0.1645101747600182	0.16379463142715758	0.16307076545306387	0.16233918981440587	0.16160065025990017	0.1608560850206671	0.16010667319904892	0.15935379672489958	0.15859899647940434	0.15784392627545552	0.15709030961151305	0.1563399018814318	0.15559445984769074	0.1548557451767793	0.15412555531203456	0.15340567229198387	0.15269776121588963	0.15200327611474657	0.15132329667764846	0.150658423255592	0.15000881751339346	0.14937430569886434	0.1487544700572015	0.14814872508053986	0.14755639409343574	0.14697677322194413	0.1464091637972677	0.14585288159696702	0.1453072647518061	0.14477169207216287	0.14424561020232707	0.14372856159197286	0.14322020657065182	0.14272033760454728	0.1422288868108173	0.14174592827994933	0.14127167641095506	0.14080648104498802	0.14035081964497906	0.13990528611915737	0.13947057533728988	0.13904746221849826	0.13863677465225868	0.1382393603066725	0.13785604797062054	0.13748760369746676	0.1371346806822074	0.13679776094814064	0.13647708827072538	0.1361725952451192	0.13588383099813245	0.13560989791925415	0.13534940557312256	0.13510044835695695	0.13486061160086274	0.13462700942954806	0.13439635649097045	0.13416507373658337	0.13392942550599396	0.13368568173909418	0.13343029596844014	0.13316008735528212	0.13287241367681624	0.132565322007304	0.13223766499066694	0.13188917306995426	0.13152047655391585	0.13113307547536662	0.13072925931190488	0.13031198241994268	0.12988470425560422	0.1294512059545743	0.12901539644266125	0.1285811217933023	0.1281519909584976	0.1277312293043557	0.12732156872129793	0.12692517970038703	0.12654364701751597	0.1261779869520725	0.12582870068019475	0.12549585592893117	0.12517918732319	0.12487820513585188	0.1245923023053514	0.12432085051353924	0.12406327770503818	0.12381912155398263	0.12358805589897222	0.1233698898826724	0.12316454220274252	0.12297199521701095
3.9269908169872414	0.2801226104490945	0.2793699496624148	0.27814331880987764	0.27648371820911555	0.27444518144351787	0.2720911447839917	0.26949039717540246	0.26671300438205914	0.26382657305751145	0.2608931490988014	0.25796694288092337	0.2550929588230831	0.25230649591029825	0.24963339470185905	0.24709084575570084	0.24468854898744397	0.2424300217259936	0.24031388829166345	0.23833503549475976	0.2364855749960737	0.2347556044543844	0.23313379705755072	0.23160786944625655	0.2301649812158568	0.22879210848834464	0.22747641499855756	0.2262056229511713	0.22496836811233706	0.22375451301776997	0.2225553903721213	0.2213639550084957	0.22017483473914645	0.2189842846485508	0.21779006234999643	0.2165912506203037	0.21538805703172217	0.21418161752199333	0.2129738233885735	0.2117671809851302	0.21056470285207543	0.20936982038449625	0.2081863030684812	0.2070181685469274	0.2058695710874633	0.20474466237831798	0.20364742638430772	0.20258149751396562	0.2015499770262314	0.20055526538810048	0.19959892778299693	0.19868160642674143	0.19780298767282603	0.1969618251386262	0.1961560136714692	0.19538270388132395	0.19463844400102992	0.19391933519413196	0.19322118796152138	0.19253967032001937	0.19187044293819402	0.19120927767501097	0.1905521638089411	0.18989540265691207	0.18923569429221843	0.18857021871990065	0.18789671153909368	0.18721353200552424	0.18651971930550076	0.18581503157981244	0.18509996193645872	0.1843757265229016	0.183644221557383	0.18290794870407154	0.1821699105699371	0.18143348346720461	0.1807022895615066	0.17998003233598434	0.1792703267862641	0.17857655933411223	0.17790177270556132	0.17724857528391477	0.17661902762522647	0.17601458045849117	0.17543604713371244	0.17488359539634524	0.17435675487605912	0.17385443686625388	0.1733749702328117	0.17291615206074912	0.17247531150158296	0.1720493865438939	0.17163501365095898	0.17122862971121733	0.17082658476255735	0.17042526256690138	0.17002120397916884	0.1696112233984918	0.16919250098783503	0.16876264175662825	0.16831971761378456	0.1678623198640885	0.16738968980698646	0.16690183515648174	0.16639950076418303	0.16588405664461667	0.16535739028960864	0.16482176709290638	0.16427961987630924	0.16373342925301096	0.16318574838074984	0.16263903186965895	0.16209567149754173	0.16155792148256162	0.16102775716950024	0.1605067933808288	0.1599962148303508	0.15949672966961895	0.15900852632312765	0.1585312342238358	0.15806389128991952	0.15760492883740787	0.15715218708589052	0.15670298782636347	0.15625434609416286	0.1558032400854136	0.1553467921450385	0.15488239734921877	0.1544077959868849	0.15392111806993936	0.15342094315551663	0.15290635683210682	0.15237699106874888	0.1518330486964142	0.15127530563152927	0.15070508401389862	0.15012419240507535	0.1495348367758123	0.1489395160438971	0.14834091693284507	0.147741816065597	0.14714499242706608	0.1465531526105835	0.14596887050239582	0.14539454131615162	0.14483234847077178	0.1442842410658451	0.14375191935915493	0.14323682556929695	0.14274013760339108	0.14226276402962523	0.1418053396387416	0.14136822176645522	0.1409514874749625	0.14055493049137188	0.140178055454794	0.1398200672000818	0.13947985505223037	0.13915597519035794	0.13884663663232272	0.13854969771630735	0.13826267968770758	0.13798280185381911	0.1377070395763211	0.13743220355405358	0.13715503692824035	0.13687232534445629	0.13658101398205214	0.13627832487132696	0.13596186771417063	0.1356297377885502	0.1352805950761461	0.13491371934583943	0.1345290366764772	0.13412711412106623	0.13370912113519148	0.13327675897902835	0.132832162242369	0.1323777794553839	0.13191624191846554	0.13145023099430525	0.13098235395813526	0.13051503718497776	0.13005044328690618	0.12959041621381157	0.12913645566722282	0.12868971971266294	0.12825105238947215	0.1278210315290762	0.12740003096775257	0.12698829087209274	0.1265859899172593	0.12619331347526536	0.12581051269718396	0.1254379503455377	0.12507613039605042	0.12472570970940638	0.12438749137066683	0.12406240048921907	0.1237514442552948	0.12345565883301889
4.1887902047863905	0.22928607163696868	0.22912181939552723	0.22886053832152858	0.22851929726268666	0.22811921861074444	0.22768318108770355	0.2272333811965603	0.22678905903244814	0.22636466053327828	0.22596863761803304	0.2256029924416254	0.2252635679131139	0.2249409898912181	0.22462209103197772	0.22429160160220596	0.22393388245339257	0.2235344976633307	0.2230814720099802	0.22256614108188139	0.22198356793360552	0.22133255919133427	0.22061535747297248	0.2198371116374543	0.21900523133035182	0.21812872052979657	0.2172175616156117	0.21628219317191705	0.21533309725917618	0.21438048987027541	0.21343409436386707	0.21250297239222646	0.21159538894865376	0.2107186951789692	0.2098792215836127	0.20908218245660826	0.20833159790139402	0.20763024161731977	0.20697962102163892	0.20637999217808017	0.20583040695786206	0.20532878544492864	0.20487200408219144	0.20445599011518942	0.20407581549710838	0.20372578789054982	0.20339954160158216	0.2030901358863361	0.20279017089096618	0.20249193171695623	0.20218756849297967	0.20186931525133958	0.2015297436799525	0.20116204068209462	0.200760292483756	0.20031975375647382	0.199837078843971	0.19931049382722182	0.19873989266244188	0.1981268473100074	0.19747452907437799	0.19678754785099756	0.19607171997474612	0.19533378260226086	0.19458107484683967	0.1938212059059224	0.1930617289495118	0.19230983685257555	0.1915720916396461	0.19085419563248984	0.1901608086406004	0.18949541267496767	0.18886022373226968	0.18825614917071745	0.18768278909318287	0.18713847637745742	0.1866203344899558	0.18612441681060768	0.18564588243886146	0.18517916570922752	0.18471817254619877	0.18425650147545353	0.18378771933384774	0.18330558897719446	0.18280429014220476	0.18227863341228648	0.18172424868652778	0.18113772811438283	0.18051672739993507	0.17986002184509564	0.17916751523991734	0.17844020365173954	0.17768009871013726	0.17689011685307374	0.17607394216221645	0.1752358708611929	0.17438064564746109	0.17351328890551443	0.1726389439045176	0.17176271981934693	0.1708895599256945	0.17002419420235448	0.16917101165463183	0.1683338848957971	0.16751607074791347	0.16672012399501268	0.16594786157742825	0.16520037876640267	0.164478111986454	0.16378084434814108	0.16310772767157225	0.16245753740524893	0.16182847049449045	0.1612180585317815	0.16062332383800665	0.1600409242694431	0.15946728334825655	0.15889872157108076	0.15833158154097454	0.15776235551537177	0.157187815435015	0.15660514100732162	0.15601206185689862	0.15540699116167148	0.1547890271989644	0.154157862769558	0.15351369223902278	0.15285707401523446	0.1521888446301295	0.1515101174336659	0.150822299077289	0.15012707692327854	0.14942638582823858	0.14872236904126104	0.14801732324564393	0.1473136187866954	0.14661360776807258	0.14591953771237245	0.14523347957643942	0.14455727200370935	0.14389248037581387	0.14324036936336867	0.14260188998664472	0.14197768307121664	0.14136809984660073	0.1407732387574156	0.14019299603595597	0.1396271262440365	0.13907530785888508	0.13853720824252513	0.13801254227196144	0.13750111972285292	0.13700287808125372	0.13651789919430404	0.1360464092051555	0.13558876132522746	0.13514540118119542	0.1347168159542062	0.13430347107034893	0.1339057404600025	0.13352383760020123	0.1331577545454907	0.13280721485032462	0.13247164422518884	0.13215016101562319	0.13184158748268082	0.13154448181760806	0.13125718937572045	0.1309779099107995	0.13070477606113987	0.1304359373098302	0.1301696432526781	0.12990432026147272	0.12963863644694992	0.1293715510519775	0.1291023458212911	0.12883063725730726	0.1285563698152426	0.12827979100107034	0.12800141012027408	0.12772194320039057	0.127442247416167	0.12716324913537033	0.12688587036587454	0.1266109587745064	0.12633922641764267	0.1260712017732919	0.12580719859061595	0.12554730358895372	0.12529138335270146	0.1250391091209802	0.1247899967583576	0.12454345812112798	0.12429885932555372	0.12405558106545753	0.12381307611260314	0.12357091948770603	0.12332884754142412	0.12308678331976072	0.12284484700563694	0.12260335172841895
4.4505895925855405	0.2907976257471146	0.2900512558621489	0.2888329075337419	0.2871796492859612	0.2851400592459603	0.28277103205696524	0.28013423068880156	0.2772925310110516	0.274306782594635	0.2712331461901405	0.26812117804335023	0.26501272835563416	0.26194162125065223	0.25893400024495933	0.2560091662492161	0.2531807092567044	0.2504577394675921	0.24784605337315593	0.24534911680962013	0.24296880035231036	0.24070585331246525	0.23856014368332965	0.23653071827377414	0.23461574880703068	0.23281242765818821	0.2311168649066913	0.22952402120981452	0.22802769328093583	0.22662055413796647	0.2252942409352241	0.22403947963280343	0.22284623708740128	0.22170389549142813	0.2206014491749602	0.21952772752792468	0.2184716487371963	0.21742250659325965	0.21637028716516518	0.21530600481090525	0.21422203940247458	0.21311245052826427	0.21197324125307285	0.2108025446807304	0.2096007112609247	0.2083702829586964	0.20711585087974307	0.20584380415588874	0.20456198818246182	0.20327929820462728	0.20200523876755172	0.20074948024636735	0.19952144081281548	0.1983299164653184	0.1971827743064236	0.1960867164154858	0.195047114499881	0.19406791001333418	0.19315157103425565	0.19229909591198444	0.1915100548511012	0.19078266058643464	0.19011386487577903	0.18949947688459984	0.1889343013270929	0.18841229642944676	0.18792674916724764	0.18747046529489128	0.18703596934590605	0.1866157083951726	0.18620225222060327	0.1857884821471283	0.185367761378817	0.18493408090844443	0.1844821765135095	0.18400761726726408	0.1835068843060474	0.18297739419528197	0.1824174848649747	0.18182641597874144	0.181204354562856	0.18055235487901142	0.1798722815253369	0.17916674913086464	0.1784390640246076	0.17769314618339235	0.17693344420473794	0.1761648297130206	0.17539248142272143	0.17462176031002039	0.1738580770295336	0.17310675520689156	0.17237289522731628	0.17166124354798667	0.17097607249415536	0.17032107491798731	0.1696992765844323	0.16911296506464607	0.1685636269760702	0.16805189122045164	0.16757748635253006	0.16713924336640926	0.16673526591583004	0.1663630912918272	0.16601969621165505	0.16570152876434566	0.16540458425906704	0.16512445018800426	0.16485628827807727	0.16459491605886156	0.16433508394538246	0.16407158214007556	0.1637994263854205	0.16351391199073062	0.16321069450308484	0.16288592765930357	0.16253633971548645	0.1621592934142912	0.16175281987642967	0.1613156196224499	0.16084702931388173	0.16034696829875747	0.15981589106480062	0.15925478199993168	0.15866526947254672	0.15804978537662434	0.15741159777955427	0.15675468417996336	0.15608351561784622	0.1554028776435997	0.15471771590425007	0.1540329737366711	0.15335344827885156	0.15268367174153305	0.1520278014840167	0.15138950965854953	0.15077187776381104	0.1501773076092592	0.14960746013249787	0.14906322958693566	0.14854475327472152	0.1480514519326135	0.14758209540291645	0.1471348887320395	0.1467075737306767	0.1462975409791736	0.1459019474449627	0.14551783506349683	0.14514224582661037	0.14477232935885773	0.14440543983257254	0.14403922023409618	0.14367167279631937	0.14330121393893583	0.14292671009182253	0.14254748883035595	0.14216332029785786	0.14177436766596285	0.14138111033995793	0.14098424748113358	0.14058459175852814	0.14018296417140913	0.13978009992037224	0.13937657298143616	0.13897274450716324	0.13856873810970208	0.13816444318433155	0.13775954541269025	0.13735358155255098	0.1369460137822118	0.13653631729812424	0.13612407356680575	0.13570906066627766	0.13529133170405214	0.1348712726484277	0.13444963230262721	0.1340275196407651	0.13360636709065046	0.13318786212655456	0.13277385312761245	0.13236623828554347	0.13196684799459651	0.1315773314638275	0.13119905734596407	0.13083303625302134	0.1304798704940335	0.1301397336023906	0.1298123795523636	0.12949717925462137	0.12919318013080727	0.12889918334952374	0.12861383261260134	0.12833570810636555	0.12806341927506273	0.127795690376876	0.1275314333468861	0.12726980334391727	0.12701023351244617	0.12675244691287926	0.1264964451804037	0.12624247515302595
4.71238898038469	0.21920590337463552	0.21903550091549695	0.21876476600542638	0.21841225779056384	0.2180013689994843	0.2175580558495268	0.21710838973712987	0.21667621304382267	0.21628115465543707	0.21593720106440906	0.21565193670883986	0.21542647589948105	0.21525602222281415	0.21513092180827764	0.21503803277289257	0.2149622182243589	0.21488778321550284	0.21479971158163846	0.21468460838119552	0.21453130826905387	0.2143311606847178	0.21407804230596428	0.21376817169490425	0.21339980941844527	0.21297292089544106	0.2124888625671869	0.2119501295147913	0.2113601792230988	0.21072332591130338	0.21004468548727362	0.20933014395995908	0.20858632181911407	0.20782051207115682	0.20704057821793398	0.20625480819463837	0.20547172909700417	0.2046998939419482	0.20394765496961398	0.20322293810614078	0.2025330307899248	0.20188439145065795	0.20128248469558185	0.20073164275675515	0.2002349517216242	0.1997941607906325	0.1994096141054833	0.1990802070003692	0.1988033710467071	0.19857509414861485	0.19838998250648987	0.1982413701262531	0.19812147866795593	0.19802162621333363	0.19793247865381491	0.1978443326497823	0.19774741536930085	0.19763218409164418	0.1974896086454877	0.1973114216042321	0.19709032438334417	0.19682014320744878	0.1964959324021145	0.19611402827618796	0.1956720601373978	0.19516892740477632	0.1946047519687828	0.19398081455246508	0.19329948148985554	0.19256412586657756	0.19177904425104886	0.19094936798312234	0.19008096652990936	0.18918033999172568	0.18825449868337352	0.18731082561124102	0.18635690432270702	0.18540037547867594	0.18444878715059387	0.18350941994465708	0.1825891130973567	0.1816941070350968	0.1808299364623578	0.18000131207301995	0.17921202902743794	0.17846491185003266	0.17776178525065645	0.17710346304335134	0.1764897603246327	0.1759195258991879	0.17539069113857597	0.17490033281877615	0.17444474814918942	0.17401954070895953	0.17361971638315388	0.17323978858501654	0.17287389230767658	0.17251590791547833	0.1721595967570897	0.171798738148068	0.17142727166305172	0.17103949725229528	0.17063021342102647	0.17019475259902928	0.16972902523044353	0.16922959524798076	0.16869376951517046	0.16811969052347553	0.1675064468432037	0.1668540823663781	0.1661634635042184	0.16543634945706864	0.16467528095958883	0.1638832838798484	0.16306378820260625	0.16222062707580343	0.16135796885117937	0.16048023867399364	0.15959204490475198	0.1586981174748966	0.1578032587097018	0.15691229760111225	0.1560300476521398	0.15516125008941462	0.15431041870949724	0.1534816199288105	0.15267831222048522	0.15190322657451594	0.15115829193558616	0.15044463856873447	0.14976264040622733	0.14911195979934677	0.1484915947031482	0.1478999373912684	0.14733484064186209	0.14679367971862056	0.14627340986283455	0.1457706294071901	0.14528165859675712	0.14480263717868402	0.1443296353726624	0.14385876974589495	0.143386317655532	0.14290882595015847	0.1424232099235621	0.14192683850700177	0.14141760214966803	0.14089396065372295	0.14035496915057477	0.1398002813230123	0.13923012995983503	0.13864528617837768	0.1380470003297084	0.13743692948354236	0.13681705760622392	0.1361896140514221	0.13555699381059472	0.13492168079401584	0.1342861750411809	0.13365292612959	0.1330242764156937	0.1324024175278129	0.13178936164294097	0.13118692678932065	0.1305967340461741	0.13002021420376864	0.1294586214557205	0.1289130515022225	0.12838446115564994	0.12787368650625863	0.12738145710203108	0.12690840433647388	0.12645506309513005	0.12602186648360258	0.12560913405929908	0.12521705442918668	0.12484566341096964	0.1244948192492964	0.12416417669995267	0.1238531621801634	0.1235609525824295	0.12328646062840909	0.1230283296536333	0.12278494038387638	0.1225544315919549	0.12233473556481816	0.12212362814556171	0.12191879184258309	0.12171788924441324	0.12151864289679426	0.12131891704385367	0.12111679632171501	0.12091065665527956	0.12069922419648371	0.12048161904655613	0.12025738160320348	0.12002648056501719	0.11978930283994382	0.11954662678500705	0.11929958127278806	0.11904959391887016
4.974188368183839	0.31884553286487877	0.318116181892318	0.3169234436197764	0.31529947622272947	0.31328594204522753	0.31093123747923607	0.3082874382215725	0.3054072655025077	0.30234135711353377	0.299136071435983	0.2958319729682716	0.2924630567620039	0.28905668009823615	0.2856340945734244	0.2822114191867371	0.27880086939862697	0.2754120583224581	0.2720532101297575	0.2687321655363776	0.26545710675159767	0.2622369765938321	0.2590816071384112	0.2560016030399861	0.25300804184892683	0.2501120587990666	0.24732437899281107	0.24465484893170097	0.24211200542298364	0.2397027060856369	0.23743183416957803	0.2353020823326745	0.2333138155341333	0.231465011652727	0.2297512786944009	0.22816594823505956	0.2267002449143589	0.22534353058217585	0.22408361881121328	0.22290715113586654	0.2218000211887991	0.22074782778672047	0.2197363339487662	0.21875190668839878	0.2177819127844414	0.2168150487992341	0.2158415891117724	0.2148535430190527	0.21384472007972102	0.21281071076088834	0.21174879607699004	0.21065780445287868	0.20953793613538169	0.20839057480729528	0.2072181033592282	0.20602373615399472	0.20481137488573076	0.20358548976426233	0.20235102320365114	0.2011133098641699	0.19987800562138466	0.19865101669482235	0.19743842372321624	0.19624639464222776	0.19508108627319096	0.193948533838092	0.1928545323954187	0.19180451437482174	0.19080342853615784	0.1898556256829924	0.18896475589401812	0.18813368108445833	0.18736440558500111	0.18665802626929734	0.18601470230175665	0.18543364594212283	0.1849131488432219	0.18445060741478858	0.18404256373515307	0.18368476131901817	0.18337223988762597	0.18309945089999577	0.18286035464219197	0.18264852667856904	0.18245728583757867	0.18227983530461625	0.1821093931775925	0.18193931756750042	0.18176322491254907	0.18157509837443178	0.1813693832663505	0.18114106722236228	0.18088574375961944	0.1805996586081684	0.18027973881919207	0.17992360510423278	0.17952956738837694	0.1790965996749715	0.17862428147517379	0.17811270298706192	0.17756239147589875	0.17697432897302132	0.17634996583246848	0.17569123540475712	0.17500058946456534	0.1742809086469195	0.17353541196784575	0.17276755984798248	0.1719808748889958	0.17117885092494795	0.17036526762454643	0.1695443630662724	0.1687204321466957	0.16789779125782495	0.16708083473604446	0.16627393993510822	0.1654813713101748	0.16470718169547516	0.16395510467814342	0.16322843640017465	0.16252990737542183	0.16186157049752484	0.16122476063292548	0.16062015806602845	0.16004797300334744	0.15950818405956307	0.15900060127118582	0.15852475773339308	0.1580798401773193	0.15766464883197387	0.15727758522662258	0.15691669202096456	0.15657971936713	0.156264192223834	0.1559674553348188	0.1556866896810455	0.15541891609249794	0.15516100316880835	0.1549096902484159	0.15466162901191435	0.15441343930987259	0.1541617722348841	0.15390337644654745	0.15363516621087137	0.15335428973423995	0.15305819585570327	0.15274469688297898	0.15241202526143802	0.15205888185164193	0.15168447407156524	0.15128854317884155	0.1508713812342146	0.15043383879117422	0.14997732272973716	0.14950377978162985	0.1490156581133517	0.14851584130638382	0.14800755667968601	0.14749426733408816	0.14697955879080277	0.14646702748940518	0.14596017461319383	0.14546230741282165	0.144976450664039	0.14450527152511095	0.14405102097452258	0.14361549412653482	0.1432000104346699	0.14280541350779022	0.1424320891028056	0.14207999877604158	0.14174872568709443	0.14143752826667796	0.14114539700131015	0.14087110953866033	0.14061327975285023	0.14037039737987128	0.14014085629939602	0.13992297131330247	0.1397149850448595	0.13951506804140626	0.13932131610680332	0.1391317492573187	0.13894431650515957	0.13875690996932938	0.13856739065521098	0.13837362674271017	0.1381735435583226	0.13796518282163625	0.13774676750930137	0.13751676796554516	0.13727396477184917	0.13701750428169338	0.13674694343602414	0.13646228129029642	0.13616397545875936	0.1358529423704418	0.1355305408630676	0.13519853926145362	0.1348590667175203	0.13451455022921438
5.235987755982989	0.18985765667860255	0.18966914679077668	0.18936926524220243	0.1889784213440831	0.18852279646521583	0.1880321206696162	0.18753724529882812	0.18706777140728534	0.18664997169440992	0.1863051918868766	0.18604884559004436	0.1858900361403861	0.18583176208239835	0.18587160012537235	0.18600271821193692	0.18621505499107083	0.18649650968848028	0.18683401369095787	0.18721439527986794	0.18762499404961586	0.18805402423905299	0.18849072064957026	0.18892532343128035	0.1893489676411268	0.18975354116475393	0.1901315630267785	0.190476116869149	0.19078085519756285	0.19104007218064256	0.19124882877997867	0.19140310518934953	0.19149995232821437	0.19153761594726357	0.19151561260996527	0.1914347449130399	0.19129705222465712	0.1911057015310719	0.19086482959375173	0.1905793518561234	0.19025475517892323	0.1898968907144604	0.18951178056554038	0.189105448019075	0.18868377686230278	0.18825240126510243	0.18781662446093791	0.18738136226047178	0.18695110633390977	0.18652990204910064	0.18612133617323065	0.18572853064011038	0.18535413948993293	0.18500034699690895	0.18466886552913359	0.18436093219429878	0.18407730364868247	0.18381824881731967	0.18358353976194167	0.1833724416083295	0.1831837029255123	0.18301554936106684	0.18286568284257856	0.18273129086554568	0.1826090675050847	0.18249525026656604	0.1823856741766498	0.18227584368116792	0.18216102149542357	0.18203633196763225	0.1818968751667919	0.18173784684751199	0.18155465881405825	0.18134305409626092	0.181099212075306	0.18081983703868312	0.18050221197259098	0.18014425669686404	0.17974455454895208	0.17930236739393143	0.17881761056581053	0.17829080127627572	0.17772301744700741	0.1771158391595214	0.17647127655778513	0.17579168983877444	0.1750797108935133	0.17433817104077265	0.17357003272182164	0.17277832971067542	0.17196611734780207	0.1711364332092661	0.1702922682457221	0.16943654774163544	0.16857212083356393	0.16770175696591078	0.16682814812880808	0.16595391886036115	0.16508165213009715	0.16421392618455039	0.16335330018834482	0.16250221611910431	0.16166301617571344	0.1608380300255866	0.16002948392440464	0.15923939710506574	0.15846957157376207	0.15772162450188817	0.15699706504013472	0.15629730696478047	0.15562337927036365	0.1549757930025621	0.15435490139339048	0.15376077813957761	0.15319302283809022	0.15265084961910497	0.15213316191883214	0.1516385876964047	0.1511655262852062	0.15071221312842947	0.15027680004448954	0.14985742872475408	0.14945226097597544	0.14905944917905536	0.14867704047087646	0.14830286136708626	0.14793453812405993	0.14756959160689154	0.14720542657418634	0.14683932897983656	0.14646854155858235	0.14609034324898074	0.1457020904607369	0.145301251077306	0.14488546068271596	0.14445258800122462	0.14400078573997704	0.14352852477794145	0.1430346239590339	0.14251828120953333	0.141979100671195	0.14141710834835466	0.1408327532817875	0.14022689501220562	0.13960077909010618	0.13895600236235645	0.13829446976058196	0.13761834431968933	0.1369299919917756	0.1362319224610225	0.13552672674026703	0.13481701218782685	0.13410533629344346	0.1333941425480387	0.13268570423240925	0.13198208269446854	0.131285103410031	0.13059634714007812	0.12991714960581188	0.1292486043215658	0.1285915674406806	0.12794666662687962	0.12731431629933096	0.12669474004347062	0.12608799923561628	0.12549402587037944	0.12491265706186062	0.12434366835875717	0.123786802896665	0.12324179378419223	0.1227083780731327	0.12218630191824685	0.1216753176556163	0.12117517425075576	0.1206856028887775	0.12020629954359599	0.11973690630423427	0.11927699313204254	0.11882604163701486	0.11838343244502358	0.11794843774949204	0.11752022056160398	0.11709784183991256	0.11668027606052872	0.11626643500398945	0.11585519877304616	0.1154454524628557	0.11503612653355105	0.11462623876024118	0.11421493559797563	0.11380153083848107	0.11338553950782153	0.1129667050466623	0.11254501795520437	0.11212072433420378	0.11169432317854058	0.11126655191681857	0.11083836052308693	0.11041087548236403	0.1099853558481026	0.10956314442695449
5.497787143782138	0.4193992414745837	0.4187319562940173	0.41763934308940703	0.41614789398874585	0.414291277202394	0.41210791556578075	0.40963834532311605	0.40692262771854826	0.40399806510488906	0.40089742229484693	0.3976477816252034	0.39427007807523995	0.3907792807158762	0.3871851193117431	0.3834932076730661	0.37970639215632035	0.37582615437353895	0.37185391809633567	0.3677921455650041	0.363645150896983	0.3594196012021987	0.3551247137609538	0.35077218647528846	0.34637591709736126	0.34195157466055376	0.33751608567854013	0.3330870904281134	0.32868241361616957	0.3243195813411552	0.32001540436041365	0.3157856374866204	0.3116447170531052	0.3076055728930798	0.30367950790302384	0.2998761365452664	0.29620337307370365	0.2926674603701669	0.2892730306971159	0.2860231901832526	0.28291961937748283	0.2799626827639094	0.2771515408244431	0.2744842591882771	0.27195791070351133	0.26956866791641687	0.26731188535968164	0.2651821730421946	0.2631734643511243	0.26127908293808066	0.25949181384341363	0.25780398390770765	0.25620755562188774	0.25469423665535873	0.25325560519359824	0.2518832487962282	0.25056891220369076	0.24930464779282022	0.2480829612900554	0.24689694501611967	0.24574039157601604	0.2446078816314118	0.24349484224435777	0.2423975720596445	0.24131323281376413	0.24023980971396258	0.23917604249900803	0.23812133189414939	0.23707562693044396	0.23603929935165202	0.23501301186027743	0.23399758713956426	0.23299388445374636	0.23200269011933072	0.23102462694191997	0.23006008910702438	0.22910921867645176	0.22817189011904437	0.22724771704957256	0.22633608479681847	0.22543621226245053	0.22454724286031436	0.22366834062683483	0.22279873581146176	0.2219378118595158	0.2210851766119055	0.2202407147391237	0.21940462196667918	0.2185774140955685	0.21775991642603948	0.2169532352175873	0.216158713528217	0.21537787526716298	0.2146123617480628	0.2138638649303758	0.21313406076694869	0.21242454351006054	0.2117367532801971	0.21107186868671451	0.21043063752147922	0.20981328331154642	0.20921978730400112	0.20865018509056804	0.20810439409471473	0.20758200824294784	0.20708233811543728	0.20660449116683993	0.20614734180002636	0.2057093539373301	0.20528844104943716	0.20488249903688413	0.20449018593782844	0.20411038928897743	0.2037417393713281	0.20338282389600243	0.20303235936758846	0.202689148466374	0.20235199387171604	0.20201962206760393	0.2016905851238662	0.20136312840832488	0.20103506826707432	0.2007037995070766	0.20036650333276784	0.20002048584280516	0.1996635360120343	0.19929400604466266	0.19891049867694213	0.19851165947029448	0.1980962651864133	0.19766335425852463	0.19721230454882305	0.19674289172706533	0.1962553196731007	0.19575016323691874	0.19522821162479786	0.1946902875745056	0.19413711625896138	0.19356926011936146	0.19298710152094112	0.19239085232494488	0.19178057856834313	0.19115623705374557	0.1905177230312548	0.18986492631524982	0.1891977914725267	0.18851637755381165	0.18782091367966408	0.18711184806492215	0.18638988960568115	0.18565604291916324	0.184911639310913	0.18415836623987947	0.18339829451566034	0.1826338953616457	0.18186803308897692	0.1811039212838067	0.1803450431031112	0.17959504968264686	0.17885765328450026	0.1781365244610021	0.17743519505353195	0.17675696693441637	0.17610482813835338	0.1754813798527471	0.17488877819262255	0.17432869406645785	0.17380229352101076	0.17331024007731502	0.17285271939360022	0.17242948470322025	0.17203991910075092	0.1716831086443194	0.1713579190230701	0.17106306832496965	0.17079718909158137	0.1705588742938463	0.17034670410236874	0.17015925316125352	0.16999508097226973	0.1698527102706711	0.16973059946789132	0.16962711533064198	0.16954051135117518	0.16946891606273426	0.16941033407188477	0.16936266093187669	0.16932371129238508	0.16929125822074773	0.1692630804385456	0.16923701366369834	0.169211002365451	0.16918314890974853	0.1691517580240127	0.16911537543046673	0.16907282015237168	0.1690232102976241	0.1689659821091497	0.1689009018490629	0.1688280697684275	0.16874791510829817
5.759586531581287	0.047302087421297045	0.047025186395656726	0.046580192642797946	0.0459909965908859	0.045288703226185	0.04450935705395065	0.04369143282069299	0.042873343323311386	0.04209119595083141	0.041376982300738746	0.04075731879718031	0.040252781507648716	0.03987780646805267	0.0396410674664085	0.03954620317634136	0.03959274784321887	0.03977712370565187	0.04009357510162154	0.04053495776952798	0.0410933353942223	0.04176037256286194	0.04252754395814623	0.043386200735103936	0.0443275455666077	0.04534256856762628	0.04642198927656366	0.047556237820227804	0.04873549414978387	0.04994979028424093	0.051189168677358565	0.05244388123987248	0.053704608613484334	0.05496267785448772	0.056210258198834545	0.05744051828109417	0.05864773322618333	0.059827335621971484	0.06097590982483703	0.06209113382276543	0.06317167663691445	0.0642170618148962	0.06522750894605184	0.06620376541362419	0.06714693996800628	0.06805834835895005	0.06893937939681957	0.06979138758744344	0.07061561603374056	0.07141315074224905	0.07218490493184312	0.07293162957066879	0.07365394428418529	0.07435238132359237	0.07502743441945953	0.07567960437336196	0.07630943419395347	0.07691752832009621	0.07750455288055225	0.07807121675981674	0.07861823569461054	0.0791462849622094	0.07965594604391782	0.08014765578852437	0.08062166505189602	0.08107801232981937	0.08151651668842577	0.08193679193348202	0.08233828104316568	0.08272030780456088	0.08308214073760384	0.08342306323856136	0.08374244348500598	0.0840397980318775	0.0843148444376059	0.08456753849064458	0.08479808395734834	0.08500693215785662	0.08519477043219628	0.085362495268517	0.08551116344172474	0.08564192788803782	0.08575597815615665	0.08585450352919613	0.08593862406247077	0.08600933583348225	0.08606747667404507	0.08611369006067338	0.08614840195944662	0.08617181221776454	0.0861838981366442	0.08618442937278636	0.08617299315479696	0.08614902827557824	0.08611186594090126	0.08606077548759897	0.08599501403213283	0.08591388420917048	0.0858168174545052	0.08570349939039987	0.08557394693837311	0.08542833106477668	0.08526675495157032	0.08508934604259183	0.08489640559432965	0.08468840859594381	0.08446596777631041	0.08422983025595052	0.0839809617643062	0.0837206105010824	0.08344994305385159	0.08316953441373459	0.08287967080807146	0.08258070513960603	0.08227300315556388	0.08195686155838589	0.08163248844044985	0.0813000292813173	0.0809596280848956	0.08061150771253273	0.08025607025299494	0.07989398623353075	0.07952619057719829	0.07915373691902264	0.07877756706979311	0.07839828084389988	0.0780160888157162	0.0776310277296143	0.07724313713161476	0.0768524527980714	0.07645894262744475	0.07606244674507019	0.07566261339988109	0.07525885605618443	0.07485038596527203	0.07443632697284618	0.0740158536116889	0.07358829265706375	0.0731531755589043	0.07271025968376528	0.07225953460179688	0.07180121901803381	0.0713357493823224	0.07086376140196345	0.07038606649389598	0.06990362530011042	0.0694175198617436	0.068928925221649	0.06843908032675931	0.06794925721808773	0.0674607266559849	0.06697471778490566	0.06649237006848567	0.06601467887373996	0.06554244196366169	0.06507621941065514	0.06461631797722117	0.06416280081608311	0.06371551183545891	0.06327410155931094	0.06283804901515948	0.06240668350874151	0.061979213224379145	0.06155476432169549	0.061132429326821974	0.06071132069093574	0.060290624683958585	0.05986965097705953	0.05944787346181345	0.05902495822895598	0.058600775753929996	0.05817539628679569	0.05774906961786849	0.05732219205844685	0.05689526434584696	0.05646884441284565	0.05604349880380605	0.055619756077939675	0.055198064853449955	0.054778758362096905	0.05436202674858026	0.05394789801784451	0.05353622842916833	0.05312670302501596	0.05271884667532643	0.052312045494291415	0.05190557785997041	0.05149865366636834	0.05109045992785681	0.05068021043841005	0.05026719684411157	0.04985083821420608	0.04943072601869927	0.04900666138520712	0.04857868166994454	0.04814707379032583	0.04771237246598341	0.04727534250495359	0.04683694550963262	0.04639829276426209	0.045960587444064296
6.021385919380437	1.4134303255666483	1.4133797332349025	1.4133018303497205	1.413203478251648	1.4130916831270046	1.4129721880922326	1.4128480418866782	1.412718344261039	1.412577342291684	1.4124140017282172	1.4122121116258195	1.4119509095080929	1.4116061489006373	1.4111514803957883	1.4105599875800139	1.4098057125664392	1.4088650211617488	1.4077176903759592	1.406347644548215	1.4047433135809704	1.4028976309311896	1.4008077248552535	1.398474380720437	1.3959013638924402	1.3930946925738532	1.3900619401594358	1.3868116301059439	1.3833527660822735	1.379694519092768	1.3758460736191824	1.371816618198613	1.3676154531806992	1.3632521800604969	1.3587369327046044	1.3540806106155134	1.3492950775558197	1.3443932947107824	1.339389365382314	1.334298477248829	1.3291367377845587	1.3239209078493683	1.3186680471386523	1.3133950926029057	1.3081183966733505	1.3028532558160664	1.2976134613471906	1.2924109034529667	1.2872552559986001	1.2821537641822072	1.2771111497886007	1.2721296401048268	1.2672091176507818	1.2623473787936486	1.257540481601035	1.2527831570680914	1.2480692541641298	1.2433921878309728	1.238745360478281	1.2341225314032818	1.2295181129943855	1.2249273837842902	1.2203466080494119	1.215773067948314	1.21120501293152	1.2066415418336633	1.2020824333645068	1.197527945185127	1.1929786003960898	1.188434980089602	1.1838975382764043	1.179366452378526	1.174841518787203	1.1703220991260594	1.1658071199700242	1.1612951345152176	1.1567844643161909	1.1522732901746753	1.1477597382735367	1.1432420641709196	1.138718818161405	1.1341889835913257	1.1296521325834852	1.1251084460743497	1.1205587255374223	1.1160044162288876	1.1114475944145308	1.1068908720714095	1.1023372810750476	1.0977901480805703	1.093252960577182	1.088729233731887	1.0842223889058553	1.0797356532573168	1.0752719877173056	1.0708340474981233	1.0664241729763848	1.062044391628116	1.0576963670471116	1.0533811845621694	1.049099060501431	1.044849570354882	1.0406325186641485	1.036448511195447	1.0322987880174979	1.0281848463950682	1.0241083176596952	1.0200708605210778	1.0160738325153917	1.0121176239956746	1.0082016408987593	1.0043260188788419	1.0004923553672982	0.996702702065577	0.9929590645990385	0.9892634342360342	0.9856176380513675	0.9820231398991364	0.9784808903618891	0.9749911461861147	0.9715532205259028	0.968165145548848	0.9648233420624555	0.961522552423816	0.9582562845301333	0.9550178678669384	0.9518016374136437	0.9486033406317558	0.9454198129188303	0.9422486565965298	0.9390881888287415	0.9359374978593146	0.9327964983912236	0.9296659690802694	0.9265475070781493	0.9234433154101344	0.9203558425712128	0.9172873861215751	0.9142397746566151	0.9112141863416167	0.9082110981644584	0.9052303292652498	0.9022711447650109	0.8993323967196171	0.8964126833740216	0.8935105096703967	0.8906244346337517	0.8877531953771733	0.8848958022680884	0.882051604337952	0.8792203275516516	0.8764020907501848	0.8735974050342579	0.8708071618985747	0.8680326121570809	0.8652753303977325	0.8625371521565232	0.8598200723489247	0.8571261077058249	0.8544571441579101	0.851814799220679	0.8492003240738379	0.8466145545225983	0.8440579042386296	0.8415303860121524	0.8390316481375885	0.8365610184378389	0.834117553043209	0.8317000896393723	0.8293073063230779	0.826937787932344	0.8245901011930862	0.8222628776331145	0.8199548993136891	0.8176651783624422	0.8153930186387977	0.8131380477417871	0.8109002103932643	0.8086797197156239	0.8064769700649149	0.8042924221674412	0.8021264763582694	0.7999793513045412	0.7978509835109678	0.7957409581556631	0.7936484759838112	0.791572355568595	0.7895110662211523	0.7874627846684995	0.7854254683567007	0.7833969394971911	0.7813749759963879	0.7793574072360654	0.7773422135028878	0.7753276273926342	0.7733122340464769	0.7712950653664076	0.7692756822524911	0.7672542389907273	0.76523152529217	0.7632089837187861
