0.0	3.925246089313963	3.9199287272017393	3.911180150915729	3.899165929118732	3.8841073211795343	3.8662712401064905	3.845958522327715	3.823491293342385	3.7992002394417126	3.773412549356102	3.746441185389295	3.718575996011489	3.69007700842623	3.661170058103534	3.6320447388126054	3.6028545042853795	3.573718630398203	3.544725659780083	3.5159379005522213	3.487396536071178	3.4591269195330434	3.431143671085079	3.403455259756117	3.3760678316099795	3.348988132380568	3.3222254608455324	3.2957926720646853	3.2697063217591724	3.2439860999940757	3.2186537407927744	3.1937316128374555	3.169241195230656	3.1452016233346765	3.121628456344877	3.0985327749814644	3.0759206694575543	3.0537931299406935	3.0321463085841702	3.010972087702359	2.9902588653373607	2.9699924584674484	2.9501570251963605	2.930735918921444	2.9117124073295453	2.893070213502308	2.8747938627203737	2.8568688429102855	2.839281607005838	2.8220194588320364	2.805070371482851	2.788422786778245	2.7720654377228677	2.755987224904144	2.7401771625569005	2.7246244024760813	2.7093183240975494	2.6942486640625223	2.67940566978392	2.664780240901005	2.6503640362440866	2.636149524116658	2.6221299629040553	2.608299308327268	2.594652052953937	2.581183011940654	2.567887075486285	2.554758952501957	2.5417929310108813	2.5289826793284296	2.51632110831237	2.503800309003517	2.4914115717520584	2.4791453808068664	2.4669918593369973	2.454940790588126	2.442981954332772	2.4311056093986982	2.419302852048683	2.4075658049002993	2.3958876998079295	2.3842629730597045	2.372687308158938	2.361157494365712	2.3496712614617152	2.338227216378707	2.3268248851474196	2.3154648789911034	2.304148877274833	2.292879214564368	2.281658372956254	2.2704885178622543	2.2593711432257564	2.248306819971123	2.2372949795675137	2.226333654592807	2.215419380259172	2.2045475676964634	2.193713312731819	2.182912312601766	2.17214105900802	2.1613966829004614	2.150677066238104	2.139980886988167	2.1293075143395437	2.11865689018362	2.108029422190195	2.097425826737447	2.0868467591107094	2.0762919412903056	2.0657602204072365	2.0552523344096922	2.0447721305166846	2.0343242317921875	2.0239136185239976	2.0135461126377106	2.0032287595390255	1.9929686006133067	1.9827714948141888	1.9726418632979126	1.962582594974154	1.9525942744284412	1.9426772726463388	1.932832818979219	1.9230617280582958	1.9133666863169363	1.9037525735371577	1.8942249139454388	1.88478913694011	1.875448750278009	1.8662039854679953	1.8570530050141763	1.8479941333822973	1.8390263816735517	1.830148486665634	1.821358532227079	1.8126545079558127	1.8040350953709816	1.7955001619032855	1.7870508372320812	1.7786894119770393	1.7704191827831477	1.7622442407408858	1.7541691947493114	1.7461988201219185	1.7383376449418808	1.7305895310807617	1.722957337662707	1.7154427251616573	1.7080460813183942	1.7007665067989948	1.6936018247788236	1.6865486279375197	1.6796024126938538	1.6727578702842987	1.6660093715477027	1.6593515726880896	1.6527799642380856	1.6462911912659832	1.6398830735400494	1.633554352409893	1.627304244776386	1.621131908419245	1.6150359189484322	1.6090138269960552	1.603061832186274	1.5971745998563887	1.5913452496426377	1.5855655446729147	1.5798262948211454	1.5741179513938572	1.5684313221186064	1.5627583046400624	1.5570925515525706	1.5514300271079087	1.5457694512082456	1.540112627928917	1.5344646394552557	1.5288338736478742	1.523231852264574	1.5176728385478317	1.512173225893263	1.5067507358530619	1.501423474588567	1.496208909810092	1.4911228398406275	1.4861784356972694	1.481385441121126	1.4767496060061454	1.4722724034374235	1.4679510459457612	1.463778782319225	1.4597454301546904	1.4558380853284218	1.452041947374827	1.4483412048123099	1.4447199306264595	1.4411629416210783	1.4376565762661708	1.434189346604118	1.430752423822746
0.2617993877991494	1.4134303255666592	1.413379733206542	1.4133018286468086	1.413203464144096	1.4130916215535974	1.412971999972203	1.412847588540823	1.4127174280792976	1.4125757365794147	1.4124115202476504	1.4122087231557718	1.4119468959304746	1.411602298442086	1.4111493022410508	1.410561931248084	1.4098153756384146	1.408887331859583	1.4077590561829125	1.4064160632604035	1.4048484476008645	1.4030508482638782	1.4010221106340437	1.3987647211920837	1.3962841011159655	1.3935878434144078	1.3906849683914504	1.387585256437887	1.384298698392186	1.3808350846388593	1.3772037367818912	1.3734133715463654	1.3694720762698753	1.3653873691225695	1.361166314771542	1.3568156670005407	1.3523420130699826	1.3477518995387672	1.3430519251177988	1.3382487922200266	1.3333493146755866	1.3283603842110092	1.3232889024646515	1.318141688364618	1.3129253724354188	1.307646290248245	1.3023103864422194	1.2969231390210334	1.291489510774508	1.2860139317124726	1.2805003122644836	1.2749520841492827	1.2693722628421287	1.2637635232897242	1.2581282805680654	1.2524687649202733	1.2467870869139492	1.2410852844183884	1.2353653519049512	1.2296292489994987	1.2238788934350406	1.2181161419181206	1.2123427643766236	1.2065604172858964	1.2007706211004563	1.1949747455940296	1.1891740053307487	1.1833694658373712	1.1775620595468195	1.171752609453058	1.165941857744638	1.1601304964404493	1.1543191975238067	1.1485086614393412	1.1426995914472167	1.1368928179874547	1.1310891633858122	1.125289416720391	1.1194943636712988	1.1137048870490671	1.1079219524223745	1.1021465902195788	1.0963799300371293	1.0906232417360222	1.0848779431969573	1.0791455395984764	1.0734275195062275	1.0677252484822963	1.062039850954377	1.056372219591328	1.0507232849909736	1.045094222051852	1.0394864208413943	1.0339014072749344	1.028340861981745	1.0228067003135937	1.017301128270939	1.011826556776355	1.0063853694361966	1.0009796718049817	0.9956111614760103	0.9902811633628599	0.9849907671985806	0.9797409313809473	0.9745325174615376	0.9693662972146901	0.9642429548745309	0.9591630962031104	0.9541272697564669	0.9491359700707925	0.9441892607002236	0.9392863364454804	0.9344262529844909	0.9296083566000176	0.9248315754968591	0.9200938158374876	0.9153926459127651	0.9107259388877833	0.9060920539461432	0.9014896971918563	0.8969179130759516	0.8923763327560923	0.8878644654102814	0.8833811137994816	0.878924428198733	0.8744921599336911	0.870081289350747	0.8656879434156972	0.8613085661619069	0.8569407993691046	0.8525837074251037	0.8482372489132559	0.8439018261621802	0.8395785253064727	0.8352689640420876	0.8309745103425523	0.8266957949513876	0.822432813813665	0.8181851967304714	0.8139523336650059	0.809733401804063	0.805527391292	0.8013331534107238	0.79714947058522	0.7929751402604508	0.7888090572864154	0.7846502785326203	0.7804980697567347	0.776351961171839	0.7722118415147252	0.7680780811148931	0.7639516279624674	0.7598340130588159	0.7557272392493792	0.7516335912772552	0.7475554521548115	0.7434952041453984	0.7394552388095013	0.7354380397665028	0.7314462718794863	0.7274828238144136	0.7235507899127054	0.7196534109107496	0.7157940002969034	0.7119758694305374	0.7082022511814552	0.704476220113675	0.700800612693643	0.6971779567141547	0.6936104226938233	0.6900998096586054	0.6866475689052176	0.683254850199943	0.6799225359236531	0.6766512290280348	0.6734411864194216	0.670292222630839	0.667203624747803	0.6641741106789358	0.6612018414922941	0.6582844819585766	0.6554192986768679	0.6526032878792121	0.6498333277215906	0.6471063483236716	0.6444195074525181	0.6417703544250886	0.6391569640458862	0.6365780279180906	0.6340328996755927	0.6315215986001037	0.6290447789538995	0.626603670041884	0.6241999877446511	0.6218358161834922	0.6195134605458087	0.6172352779913808	0.6150034998051557	0.6128200614188638	0.6106864563361167	0.6086036262308385
0.5235987755982988	0.04730208742129449	0.04702518621521337	0.04658018874960712	0.04599097094430363	0.045288602438540104	0.04450906573851074	0.04369075058209368	0.04287197878901294	0.04208879229691234	0.0413731864033369	0.040751900827525195	0.04024580462153485	0.03986983878960554	0.039633422412882924	0.03954119051003521	0.039593917205169166	0.03978948458514725	0.040123781411490034	0.040591450265120316	0.041186439902717614	0.04190235544941584	0.04273262795962679	0.04367054423905106	0.04470918700230231	0.04584133544466712	0.047059369243979104	0.04835520751649339	0.04972030097370472	0.05114568273056305	0.05262207255714066	0.05414002181479283	0.055690082191862916	0.05726298043334985	0.05884978294392873	0.06044203761975886	0.062031884669135146	0.06361213271671584	0.06517630053659115	0.06671862791723529	0.06823406124966402	0.06971822045952408	0.07116735402635005	0.07257828826205168	0.07394837600683488	0.0752754486077746	0.0765577736671636	0.07779401969752062	0.0789832274931172	0.08012478694728373	0.08121841720819944	0.0822641473382216	0.08326229474092625	0.0842134386708829	0.08511838705499838	0.08597813583765418	0.08679382095844257	0.08756666602609695	0.08829792823477897	0.08898884639770582	0.08964059600504667	0.09025425535565382	0.09083078602912906	0.09137102961791321	0.09187572090135762	0.0923455158256393	0.09278103098313148	0.09318288998438304	0.09355177139751747	0.09388845281332064	0.0941938460837094	0.09446901986565459	0.09471520715716772	0.09493380509247634	0.09512632312310318	0.09529435383313381	0.09543957283743804	0.0955636655986477	0.09566824456675849	0.09575482144302014	0.09582477044347182	0.0958792919419923	0.09591939344220193	0.09594587883165853	0.09595933494715109	0.09596013168619436	0.09594844397611371	0.09592431115696767	0.09588770337832783	0.0958385169514206	0.09577651989778749	0.09570135602607752	0.09561263182987953	0.09550998785880174	0.0953931240203976	0.09526179356404865	0.09511577334418456	0.09495485021621924	0.09477886639077537	0.09458776816443162	0.09438163915825482	0.09416068576183356	0.09392517305039344	0.09367536823038429	0.0934115193948614	0.09313385566209346	0.09284258609198841	0.09253790178788178	0.09222000839390777	0.09188923265337752	0.09154607055033952	0.0911908152334424	0.09082329097933989	0.09044353130732509	0.09005201457191181	0.08964920625558104	0.08923531789282808	0.08881042893287323	0.08837466545702848	0.08792817530365488	0.0874710290938568	0.08700322591491812	0.0865245601182364	0.08603455983948363	0.08553298256831104	0.08502016994047366	0.08449681884672837	0.08396351730061312	0.08342048793557517	0.08286767725930755	0.08230497481810212	0.08173218514656054	0.08114875578453074	0.08055379063314087	0.07994650759561919	0.07932647072507135	0.07869341750434453	0.07804710050857976	0.07738728410874891	0.07671378252783674	0.07602647845833513	0.07532533139089743	0.07461038560454751	0.07388178261937771	0.07313978136764021	0.07238478530080794	0.07161736869165677	0.07083828964066494	0.07004848299516343	0.06924904386669486	0.0684412244998451	0.06762645267205165	0.06680634900407144	0.06598270911958337	0.0651574363820898	0.06433243994992302	0.06350952957308828	0.06269033718947521	0.06187627769138916	0.06106853816745689	0.06026807547833633	0.059475612511329934	0.058691638987330555	0.057916427229532774	0.0571500666841982	0.05639251271187158	0.05564364111931171	0.05490329951146	0.05417134772842795	0.05344768216104333	0.052732243603438755	0.05202501486772505	0.05132601818139597	0.050635318153814446	0.04995302572931325	0.04927929232233984	0.04861428814900738	0.04795816912735969	0.0473110424207482	0.0466729388462174	0.04604379552456203	0.04542344893471362	0.044811637916835956	0.04420801677146925	0.043612178754784056	0.04302368896538725	0.04244212301824943	0.04186710549009316	0.041298341792058824	0.040735639508664906	0.0401789189902713	0.03962821592087326	0.03908367938749063	0.03854556780827692	0.0380142430407818	0.037490161357639565	0.03697385956189876	0.0364659353368019	0.035967022314284905	0.035477761503374464	0.03499877124979438
0.7853981633974483	0.41939924147458896	0.4187319558605568	0.41763933207228354	0.4161478149500514	0.4142909435510289	0.4121068790759749	0.4096357175441299	0.40691686949716893	0.4039867651558281	0.4008770883592701	0.39761366611576787	0.39421605498358814	0.39069778334629707	0.3870671407143188	0.38332835890696937	0.3794830086592589	0.3755314380755724	0.371474102271786	0.3673126701870378	0.36305083777055625	0.3586948198592982	0.3542535307311004	0.3497384920988467	0.3451635257245771	0.340544296113579	0.3358977683829751	0.33124163958574043	0.3265937909224068	0.32197179562858247	0.31739250470575464	0.31287172135121377	0.30842396568844377	0.30406232448266407	0.29979837587263825	0.2956421764578888	0.2916022969371318	0.28768589249082865	0.2838987948828543	0.28024561458336894	0.2767298429340856	0.27335394642357835	0.2701194474588488	0.26702698855694634	0.264076379458834	0.26126662922846544	0.25859596754823755	0.25606186099075623	0.2536610308914159	0.25138947941408024	0.2492425291444404	0.2472148803016755	0.2453006868898568	0.24349365104827617	0.24178713243669384	0.24017426712838283	0.23864809111692947	0.23720165960578116	0.2358281569077092	0.2345209915255666	0.2332738716720859	0.23208085907740306	0.230936400395466	0.22983533719351595	0.2287728969171044	0.2277446682863168	0.22674656528200246	0.2257747842403377	0.22482575856835602	0.22389611535442305	0.22298263771740967	0.22208223605685318	0.2211919304977962	0.22030884129213596	0.21943021676000307	0.2185534707328902	0.2176761343799551	0.21679592018650123	0.2159107997901674	0.21501905204316646	0.21411929247085099	0.21321050672193892	0.2122920813703476	0.21136382326121755	0.21042597025728998	0.20947917908396022	0.20852448645850719	0.2075631885145696	0.20659672331216347	0.20562669534625017	0.20465496223166174	0.203683605034652	0.202714777745991	0.2017506056946991	0.20079316192594007	0.1998444788184914	0.19890657345369075	0.19798143136152996	0.19707090355520343	0.19617659991472775	0.19529982316488792	0.19444160511377337	0.19360282602088033	0.19278428470648734	0.19198668866371899	0.19121063194476076	0.1904565925982081	0.18972492909673586	0.1890158423215422	0.18832924961522945	0.18766470096516025	0.1870218452795433	0.1864007032956152	0.18580067183884996	0.18522043491698104	0.18465869761255937	0.18411435012629418	0.18358618000851448	0.18307273668920757	0.18257247669525048	0.18208390755566237	0.18160557198077923	0.18113619449099697	0.1806748349635621	0.18022001071994603	0.17976905569553298	0.17931890634299616	0.17886696471490257	0.1784111066692313	0.17794945202573031	0.17748025166147682	0.17700208281516147	0.17651419105111046	0.17601633868931219	0.1755081346474037	0.1749888535008085	0.17445772636459514	0.17391408824378382	0.17335737405610174	0.17278709928814878	0.17220285856323508	0.17160434190364243	0.17099135711200616	0.17036384979494978	0.16972191464757153	0.16906579664468946	0.16839588878866749	0.16771273800733894	0.1670170631056627	0.16630976823884638	0.1655919262663594	0.16486473111358035	0.16412945150601668	0.16338741823206018	0.16264005055992664	0.16188890611573253	0.1611357295119741	0.1603824758095487	0.15963129955186395	0.15888451958379912	0.1581445731883269	0.1574139602456715	0.15669517104293212	0.15599059818917882	0.155302441609851	0.15463261789267463	0.15398268448754748	0.1533537885951222	0.15274664942673344	0.15216157897679838	0.15159853888555083	0.15105722058970283	0.15053712955877097	0.150037659691949	0.14955815754461052	0.14909798338340893	0.14865657028981072	0.14823347360584876	0.14782840154827756	0.14744122238132462	0.14707194806463028	0.14672069679364771	0.14638763819421258	0.14607292573865696	0.14577662157393528	0.14549862002742045	0.14523857770995224	0.14499585905658657	0.14476950449284043	0.14455822405305147	0.14436041433103328	0.1441741934591196	0.14399744810597684	0.14382788757646678	0.14366310193749227	0.1435006226612036	0.143337984801635	0.14317278914659548	0.14300276179984456	0.14282580800842032	0.14264005703057805
1.0471975511965976	0.18985765667860088	0.18966914666842571	0.18936926260400472	0.18897840416988942	0.18852273029194339	0.1880319347037384	0.1875368261939969	0.18706697593153948	0.18664866903810132	0.18630334261218345	0.18604661777225295	0.18588795142398537	0.18583085689508505	0.18587358183563185	0.1860100937869546	0.1862312111684117	0.18652572845385199	0.18688141391358917	0.18728579927609867	0.18772672518867684	0.1881926473473005	0.18867274030159803	0.18915685619626646	0.18963540341074087	0.19009920653720871	0.19053939713506118	0.19094736767155981	0.19131480251032906	0.19163378277423676	0.19189694860328133	0.19209769399670468	0.19223036636079155	0.19229044455518712	0.19227467453011313	0.19218114913989515	0.19200932691895972	0.19175999218851203	0.1914351648513337	0.1910379720680898	0.19057249557544792	0.19004360795204922	0.18945680917646904	0.1888180719686314	0.18813370131170318	0.18741021064064292	0.18665421487742814	0.1858723388606939	0.18507113875671835	0.18425703369484212	0.18343624488716695	0.18261473974040526	0.18179817900339387	0.18099186542274437	0.18020069297926772	0.17942909656545222	0.1786810022174863	0.17795977961184983	0.17726819789370724	0.17660838747916016	0.17598181051455114	0.17538924253205534	0.17483076772542527	0.17430578962882354	0.1738130581098707	0.1733507125354422	0.17291633985784263	0.1725070453322898	0.17211953275914435	0.17175019060570107	0.17139518014653107	0.17105052191744005	0.17071217730772523	0.17037612890082432	0.1700384165346144	0.16969521744761604	0.1693429017205032	0.16897806263872645	0.16859753009245196	0.16819839466263736	0.1677780345115304	0.16733411617560842	0.16686459740250312	0.16636773091996418	0.16584204098046995	0.16528630648420484	0.1646996091682697	0.1640813977976293	0.1634314853155407	0.16274997902687655	0.16203724255537308	0.16129393782381796	0.16052105632005514	0.15971988763319125	0.15889198441514593	0.158039131869376	0.1571632973257452	0.1562666050254723	0.15535140391156677	0.15442033095366295	0.15347625776834042	0.15252217000827006	0.15156109499471987	0.15059607898358404	0.14963014892890383	0.14866625594184935	0.14770722635813002	0.14675572648507035	0.14581425271916343	0.14488516332099563	0.14397059146171604	0.1430721693350299	0.14219132615632918	0.14132969208403873	0.14048856013541794	0.1396687663489312	0.13887087857064806	0.13809524728636025	0.13734193739832326	0.13661064127468303	0.13590069689532427	0.1352111545599105	0.13454050419187488	0.13388682204074978	0.1332487782981222	0.13262548628311352	0.13201568160277516	0.13141778137635948	0.1308300493905501	0.1302505854555506	0.12967730073074052	0.12910781018575998	0.12853944441600726	0.12796962321626024	0.12739607099165223	0.12681658551138356	0.12622893384268752	0.12563095790135909	0.12502067883862822	0.12439634246271149	0.12375643381791043	0.12309968622114885	0.12242509041916813	0.12173190632667834	0.12101967876093984	0.12028825566007789	0.11953780518386731	0.11876883047091372	0.117982186794366	0.11717910600232173	0.11636122002664205	0.11553056226706901	0.1146895316976868	0.11384082147449907	0.1129873240159557	0.11213202856361096	0.11127792784034843	0.11042794327368875	0.10958486618151556	0.10875130625117534	0.10792964268968078	0.10712198022042638	0.10633011504161999	0.10555551517306083	0.10479931697770768	0.10406233651173338	0.10334509243683795	0.10264783680886955	0.10197059043277105	0.10131318044865735	0.1006752793390388	0.10005644540418827	0.09945616299870495	0.09887387707111892	0.09830901527030278	0.09776099492353048	0.09722921806718789	0.09671306041777585	0.09621185924501904	0.09572490306845288	0.0952514247749293	0.09479059953785321	0.09434154925874758	0.09390335523693856	0.09347507976997833	0.09305579546326959	0.09264461900679925	0.09224074514023466	0.09184347692580459	0.09145224975067713	0.09106664778923607	0.09068641242504077	0.09031144228770537	0.08994178436589734	0.08957761561810577	0.08921921506903352	0.08886692756544426	0.08852112172990506	0.08818214568419934	0.08785028456697877	0.08752572374952697
1.3089969389957472	0.31884553286488326	0.3181161814178746	0.3169234321581795	0.3152993955615879	0.31328560537973743	0.310930199956583	0.3082848244782817	0.30540156941904856	0.30233023555321287	0.29911615606279984	0.2957987222689712	0.2924106649796801	0.2889780523943417	0.28552089004459075	0.28205415681270973	0.2785890874849484	0.2751345157597126	0.27169811747041683	0.268287434788659	0.2649106101460975	0.26157680582944065	0.2582963255391545	0.2550804837810152	0.2519412862901135	0.24889099038359927	0.2459416103520062	0.24310442272571783	0.24038951266659161	0.23780538864661221	0.23535868008315072	0.23305392293282684	0.2308934317857264	0.22887725343946555	0.22700319550146966	0.22526692330997616	0.2236621184638142	0.22218069184914166	0.22081304291943848	0.21954835518687085	0.21837491577779772	0.21728044505235108	0.2162524212606735	0.2152783854785954	0.214346213796688	0.21344434695621775	0.2125619718091004	0.2116891536821518	0.21081692318414147	0.20993732462528322	0.2090434354647063	0.20812936703301105	0.20719025589124207	0.20622225306837838	0.20522251569639677	0.20418920195498066	0.20312146841177678	0.20201946418558156	0.20088431860077813	0.19971811483270568	0.1985238457207838	0.19730534780079723	0.19606721204362226	0.19481467185795823	0.19355347093527442	0.19228971520362886	0.19102971436910035	0.18977981919770848	0.18854626080461098	0.1873349979005476	0.1861515772904611	0.18500101196682422	0.18388767998915706	0.18281523922843682	0.18178660492689416	0.18080390035551178	0.17986842244280873	0.17898065786905368	0.17814034380022256	0.17734650953209283	0.17659752255628405	0.17589116085870682	0.1752246862432217	0.17459491906273353	0.17399833747250165	0.17343116022450564	0.17288934876009027	0.1723686262603218	0.17186455346095872	0.1713726167886065	0.17088832932687023	0.17040727350374574	0.16992511889672274	0.1694376745096316	0.16894093951273872	0.168431158633511	0.1679049051006843	0.16735913470428915	0.1667911377414355	0.1661984969739185	0.16557914890522166	0.16493147750507917	0.16425435249147022	0.16354715695426916	0.16280981401650083	0.16204279620972506	0.1612471205563766	0.16042432613560098	0.159576414467433	0.15870572082443182	0.15781490115219823	0.15690716490370094	0.15598600165154966	0.15505483339018117	0.15411734964648705	0.15317724381044767	0.15223824807068173	0.1513040697403652	0.15037833871251122	0.14946458940377882	0.1485661917426866	0.1476862638052994	0.14682791333417447	0.14599393253487153	0.1451857751107902	0.14440411259901384	0.14364936768847658	0.14292146242392176	0.1422200681972982	0.14154462414133626	0.14089432107789998	0.14026823965119833	0.13966538802355963	0.1390844737757687	0.13852377725692958	0.13798129876428053	0.13745479738496238	0.1369418157033515	0.13643976654714082	0.1359460074951484	0.13545790693754262	0.1349729109112645	0.13448860689585232	0.13400277971308905	0.1335134546437953	0.13301892575762453	0.13251777107210816	0.13200885725174608	0.13149133415342829	0.1309646189340387	0.1304283752670388	0.12988249656064615	0.12932709549406865	0.1287624976326584	0.1281892404783891	0.12760807911010177	0.12701999235171657	0.12642617896921954	0.12582803690986424	0.12522712466309532	0.12462510671251123	0.12402368634149592	0.12342453108143414	0.12282919747035545	0.12223906121104784	0.12165525753705603	0.1210786362204034	0.1205097358277092	0.11994878135993971	0.11939570742717268	0.11885020506808398	0.11831178507720325	0.11777984737597981	0.11725374718635305	0.1167328528031132	0.1162165926140275	0.11570448975445355	0.11519618304266217	0.11469143323308054	0.11419011384380622	0.11369218622927975	0.11319765983002444	0.1127065404813254	0.11221877153848492	0.1117341739327232	0.11125239217464286	0.11077285376045114	0.11029474895849364	0.10981703611414566	0.10933847458982704	0.10885768401185401	0.10837322543890894	0.10788369790227677	0.10738784263095283	0.10688464700798052	0.10637344059940981	0.10585397619374885	0.10532648961452212	0.10479173319267873	0.10425097929356292	0.10370599222626102
1.5707963267948966	0.21920590337463386	0.2190355008051018	0.21876476348189144	0.21841224089435984	0.21800130243275573	0.21755786444726266	0.21710794619537244	0.21667533877024492	0.21627964139836386	0.21593485663427636	0.21564865139125877	0.21542229857698736	0.2152512286343049	0.21512605350813652	0.2150338853484295	0.2149597614609544	0.21488800351040238	0.21480337660873916	0.2146919640324937	0.21454172652540415	0.2143427630055964	0.21408732573677058	0.21376966423114796	0.21338577786615298	0.2129331494747848	0.21241051481414008	0.21181770045038506	0.2111555397742242	0.21042585734655062	0.2096314980973799	0.20877637117629533	0.2078654782610776	0.20690490159995933	0.20590173605991646	0.20486395981857597	0.20380024808610286	0.2027197418577199	0.20163178832153716	0.2005456710030954	0.19947034644262973	0.19841420100738616	0.19738483735086254	0.1963888959914929	0.19543191424587691	0.19451822259948592	0.19365087766302647	0.19283163075434573	0.19206093143660996	0.19133796566418826	0.19066072781681165	0.19002612523457474	0.1894301123007469	0.18886784930938183	0.18833387948962466	0.18782231634694058	0.18732703239995518	0.186841840599148	0.18636066124403616	0.18587766830354568	0.18538741202289244	0.18488491679390784	0.1843657555183036	0.18382610336622396	0.1832627747559663	0.18267324754186076	0.18205567786772747	0.18140890811002608	0.18073246904599438	0.18002657608964778	0.1792921183668873	0.17853063871545172	0.1777443025568668	0.17693585931550926	0.17610855135256076	0.17526608302057212	0.17441253107251642	0.17355224019682536	0.1726897199605285	0.1718295391880751	0.17097620559068738	0.17013404866840187	0.1693071122515457	0.1684990492913826	0.16771299573800047	0.16695148117471947	0.16621645247378092	0.1655092475263641	0.1648305462088817	0.16418031952955825	0.1635578068273439	0.16296153244090306	0.16238934315701958	0.16183845738054792	0.1613055301544315	0.16078671814986956	0.1602777360797092	0.15977394869853	0.15927056231064418	0.15876281415683635	0.15824605066518527	0.15771579718452977	0.1571678559141173	0.15659839655176866	0.1560040283682892	0.15538185718553654	0.15472953166019243	0.15404528226158487	0.1533279636077589	0.15257710578283218	0.1517927981343662	0.15097561844013696	0.15012694024142925	0.1492488721876578	0.14834405478415674	0.14741556707537795	0.1464669227428103	0.1455020051198324	0.14452491635982778	0.14353985643420264	0.1425510697813981	0.14156279635995994	0.14057887571539518	0.13960311388565044	0.13863976840456027	0.13769306093257783	0.1367668851366619	0.13586462976341962	0.13498910543304854	0.13414244055113927	0.13332595668321462	0.1325401178374671	0.1317846349071401	0.13105869483759247	0.13036096525691077	0.1296895115771337	0.12904181855140445	0.12841487422782516	0.12780526826840155	0.12720928263507536	0.12662297990412436	0.12604229501301079	0.12546313193029102	0.12488146647207998	0.12429345374108136	0.1236955362578489	0.12308454864327578	0.12245781755311919	0.12181325770847573	0.12114945912288427	0.12046575071938515	0.11976222614439602	0.11903972757003001	0.11829979003487762	0.11754455362825422	0.11677665733381115	0.11599912989396294	0.11521528499234646	0.11442861748781219	0.11364269432171303	0.11286103896667854	0.11208701560758366	0.11132372341967733	0.11057391071106215	0.10983991451368419	0.10912362664773612	0.1084264846891298	0.10774948523464467	0.10709321622688384	0.10645790461909732	0.10584347529028981	0.1052496162541432	0.10467584353476961	0.10412155803082912	0.10358608826532134	0.10306871684440633	0.10256869236521365	0.10208523067817721	0.10161750965376382	0.10116466071852714	0.10072575960824315	0.10029981879189431	0.09988578450116287	0.09948254130150991	0.09908892608562841	0.09870375150572386	0.09832583702474795	0.09795404472258346	0.09758731686796912	0.09722471261135651	0.09686544146136089	0.09650889127698592	0.09615464846178068	0.09580250819987385	0.0954524732356431	0.0951047409232868	0.09475967976466948	0.09441779795306704	0.09407970720816988	0.09374608533933115	0.09341764062017277
1.832595714594046	0.2907976257471191	0.29005125537627047	0.28883289640561344	0.28717957269082206	0.28513974397144565	0.2827700705161288	0.28013182935543474	0.2772873388206684	0.2742967205112415	0.27121526064945356	0.26809153843049116	0.2649663830607501	0.26187261973882425	0.25883548164244136	0.2558735094956499	0.2529997365512615	0.25022296345440476	0.2475489585839351	0.24498146634478812	0.24252295875849106	0.24017511561623875	0.2379390586226555	0.23581539148702202	0.23380410995443968	0.23190444502968724	0.2301146926011303	0.22843206756510062	0.22685260447653707	0.2253711129401969	0.22398118636373202	0.22267525790441195	0.22144469684978518	0.22027994085486632	0.2191706626328974	0.21810597218280853	0.21707465620383817	0.21606545446514672	0.21506736874240284	0.21406999432691623	0.21306385826769542	0.21204074374763918	0.21099397745994447	0.20991865726635978	0.20881180088988188	0.2076724026303591	0.20650139301857087	0.2053015049091671	0.2040770574906431	0.20283367585790316	0.2015779677792878	0.20031718031805462	0.19905885771002818	0.1978105185682265	0.1965793660125545	0.1953720391271723	0.1941944104758764	0.19305142948174428	0.19194701001785344	0.19088395901592065	0.18986394227679187	0.1888874842640743	0.18795399898128512	0.18706184951066215	0.18620843386752517	0.18539029450955796	0.1846032481805319	0.18384253191786543	0.18310296020928754	0.1823790876891572	0.1816653715758772	0.1809563283262961	0.18024667961772045	0.17953147556501206	0.17880625182215307	0.178067083096328	0.17731065064032805	0.17653431823236784	0.17573616758210756	0.1749150375917747	0.17407053241254153	0.1732030122407558	0.1723135780295826	0.1714040384979125	0.17047689063311422	0.16953525382397602	0.1685826919567479	0.16762311633138638	0.1666606794320262	0.16569968271125468	0.16474450007170963	0.1637994810361647	0.16286881212294652	0.1619563752037499	0.16106564383396885	0.16019961248321535	0.1593607584334893	0.15855100178644438	0.15777160626534503	0.1570231065949068	0.1563053214018351	0.15561738720452148	0.15495782321160803	0.1543245895653875	0.15371514226508784	0.1531264975779823	0.15255530147842036	0.15199790037661476	0.15145039387396833	0.1509086449956941	0.1503684346761832	0.14982564684093652	0.14927626648576606	0.14871648271943272	0.14814265040860963	0.14755151344695405	0.14694027778564303	0.14630670990649136	0.14564919440818874	0.14496678018179027	0.1442591822983582	0.14352675020646335	0.14277080939029937	0.14199311846625834	0.14119533003228998	0.14037936522862818	0.13954745243565492	0.13870226058990534	0.1378469064303765	0.1369849067047548	0.13612003704906803	0.13525629474683415	0.13439774656656936	0.1335482703191332	0.13271136505241402	0.1318899972222207	0.13108655876631767	0.13030286461334173	0.12954013267070272	0.1287989772258194	0.12807943650981118	0.1273810273105226	0.12670281773716288	0.12604351288567045	0.12540154720302696	0.1247751777677481	0.12416257439271618	0.1235619034836106	0.12297140265062538	0.1223894446478805	0.1218145909201322	0.12124563242625297	0.12068161342185298	0.12012183767605315	0.11956586106124094	0.11901347463997111	0.11846467864075315	0.1179196450654128	0.11737866860528721	0.11684210835993646	0.11631032284338769	0.1157836007125325	0.11526209257671116	0.1147457518505697	0.11423429124620581	0.113727158537626	0.11322353396964739	0.1127223516504363	0.11222234673437308	0.11172212836999132	0.11122027499430513	0.11071544404636247	0.11020648441828683	0.10969253930705238	0.10917313001772937	0.10864821554018861	0.10811822598576867	0.10758406970714095	0.10704711464480524	0.10650914471364521	0.10597229272797563	0.10543895300417438	0.10491167885509688	0.10439307177367624	0.10388566977788935	0.10339184229812634	0.10291369836301069	0.10245301371344148	0.10201118082159101	0.10158918376873904	0.10118759782489885	0.10080661157753777	0.10044606772032293	0.10010551735743858	0.0997842821329951	0.09948151868305863	0.09919628060684794	0.09892757405776836	0.09867440394638136	0.0984358085559281	0.09821088115560174
2.0943951023931953	0.22928607163696713	0.22912181928923575	0.22886053572747878	0.22851927934688854	0.22811914622932422	0.22768296749943412	0.22723287095218156	0.22678801400949217	0.226362758576552	0.2259654848655407	0.2255981440935806	0.2252565455749325	0.2249312785913415	0.22460909721538935	0.22427455573005695	0.22391167619850746	0.2235054549907546	0.22304306386735986	0.22251466293742012	0.22191380618414935	0.22123747538503474	0.22048581810375517	0.2196616865891665	0.2187700771143158	0.2178175567547657	0.2168117419945393	0.2157608667043733	0.21467345135323784	0.21355806487215218	0.21242315769244696	0.21127693959020588	0.21012727798522546	0.20898159911781056	0.20784678347217542	0.20672905548114406	0.20563387407565087	0.2045658340138501	0.2035285880212185	0.20252479722732103	0.20155611332139395	0.2006231915539336	0.19972573031404575	0.1988625312445028	0.19803157398189844	0.1972301012421762	0.19645471259446415	0.19570146789040407	0.1949660031450222	0.19424366227109371	0.1935296467307038	0.1928191828773893	0.19210770308226446	0.1913910330760194	0.1906655747258476	0.18992847180220976	0.18917774582914457	0.18841239016505096	0.1876324147433307	0.18683883661838988	0.18603361708681776	0.185219550051536	0.1844001100082175	0.18357927048210698	0.182761304839464	0.18195058123246677	0.1811513622510291	0.1803676180171591	0.1796028593568302	0.17885999567747624	0.17814122050576184	0.1774479264012462	0.17678065022993686	0.17613905467067265	0.17552189864283166	0.17492712739672414	0.17435192768662566	0.17379281856732437	0.17324577876892802	0.17270639791600284	0.1721700202349744	0.17163190668464604	0.17108740383735124	0.17053209887520884	0.16996192615561995	0.16937328655973782	0.16876324137375137	0.16812958150059987	0.16747087508812442	0.16678646687674487	0.16607643145574238	0.16534151571935773	0.16458309451115688	0.16380311223393076	0.16300399824870074	0.16218855716932487	0.16135983592603326	0.160521016844764	0.15967540587722606	0.15882641850773424	0.15797745478227246	0.1571317752811655	0.15629240705487107	0.15546204863130528	0.15464298208883773	0.15383700187078375	0.15304536015023776	0.15226873383676848	0.15150722336474437	0.15076038325864113	0.15002712317119044	0.14930581070651536	0.14859462369661952	0.14789134627576417	0.1471934693278792	0.14649825279016157	0.14580285809039478	0.14510441956913622	0.144400062874478	0.1436869836481643	0.14296258032260664	0.1422245658081498	0.14147068194220394	0.14069933139940186	0.13991006162295994	0.13910312039636577	0.1382794626008363	0.1374405710164787	0.1365884101019968	0.13572531220908443	0.134853784892342	0.13397641602423174	0.13309593727008387	0.1322153159635344	0.13133757260388235	0.13046558733881083	0.12960199578368364	0.12874914097875317	0.12790903631556766	0.1270833175177104	0.12627320446215481	0.125479480215253	0.12470248886521001	0.12394215475964727	0.1231980227463605	0.12246931657242915	0.12175501244754725	0.1210539270195492	0.12036481989947134	0.11968650504980222	0.11901795721680096	0.118358400037372	0.11770736828357432	0.11706473993468496	0.11643073891368995	0.11580591697589165	0.11519112390443784	0.11458746685954567	0.11399625217677606	0.11341890382812068	0.11285685970092812	0.11231145430819137	0.1117838016436146	0.1112746924201361	0.11078451582661246	0.11031321090002849	0.10986024949385775	0.10942465100730558	0.10900502721837142	0.10859965360953382	0.1082065616579703	0.10782364442647228	0.10744876566359028	0.10707986209768652	0.10671503096107701	0.10635259887075317	0.10599117180726302	0.1056296677875891	0.10526733369467414	0.1049037465777703	0.10453879932564066	0.104172671747363	0.10380578994503123	0.10343877810593856	0.10307240687309534	0.10270754160762896	0.10234509291061121	0.10198597124175861	0.10163104728840751	0.10128111953003201	0.10093688996196909	0.10059894815571277	0.10026776286549889	0.09994367950624888	0.09962692134465258	0.0993175923306644	0.09901568005825892	0.09872105813613996	0.09843348804295192	0.09815262119832588	0.09787800243468245
2.356194490192345	0.28012261044909903	0.279369949172182	0.2781433080974092	0.27648364599354586	0.2744448881253992	0.27209025907927065	0.2694882034473295	0.2667082958764351	0.26381751096347367	0.2608771481022486	0.25794060090893883	0.25505204312602014	0.2522459910952113	0.24954761238071865	0.24697359117351045	0.2445333376546785	0.24223033823318485	0.24006347914561738	0.2380282268889251	0.23611760414221866	0.23432294933952583	0.23263448488551852	0.23104173982523502	0.22953387787110305	0.228099974235346	0.2267292696279711	0.22541141241634666	0.22413668494806296	0.22289620054518916	0.22168205494254659	0.22048741943276767	0.2193065708082042	0.21813486274808977	0.21696865194678244	0.21580519792476408	0.21464255693745843	0.21347948761287644	0.21231537976145046	0.21115020975784274	0.20998451781056368	0.20881939600248772	0.2076564724264932	0.2064978766139769	0.20534617452069331	0.20420426693170005	0.20307525183674796	0.2019622579532936	0.20086826184247114	0.19979590402292066	0.19874732015723537	0.19772400131984885	0.19672669376928076	0.19575534387794202	0.19480908921162057	0.1938862924014045	0.1929846121027293	0.19210110316776896	0.191232338803651	0.19037454726430464	0.18952375787977244	0.18867595169425636	0.18782721300601754	0.18697387824381392	0.18611267820843758	0.18524086893432729	0.18435634560917624	0.18345773348363262	0.182544449799175	0.18161673166850073	0.18067562657186567	0.17972294450772755	0.17876117349150866	0.17779335460783394	0.1768229857174002	0.175853811966414	0.17488965385869223	0.17393425809226057	0.17299114377069613	0.1720634699602943	0.17115392533195828	0.17026463798628333	0.16939711511942096	0.16855220913473745	0.16773013539913315	0.16693048556355083	0.16615218799982248	0.1653935616333655	0.16465237103672345	0.1639259320507368	0.16321126505105485	0.16250521740625704	0.1618045502974948	0.1611060410149324	0.16040660472505336	0.15970342157410639	0.1589940727946057	0.15827664373024794	0.15754972231527234	0.15681237370888843	0.156064173328237	0.15530523128813362	0.15453618591800683	0.15375816855836297	0.152972746455053	0.15218184754939657	0.15138767121471397	0.15059258802461684	0.149799015901241	0.14900925600876266	0.14822546996474648	0.14744963750144593	0.1466833489456057	0.14592794428653016	0.1451843881801339	0.14445311309519404	0.14373408270942792	0.14302686515574126	0.14233065731695843	0.14164429772811687	0.1409662738832657	0.1402947550112168	0.13962802666115903	0.1389640915697476	0.13830021718586016	0.13763365071197967	0.13696176433510476	0.13628207315684104	0.13559252856062431	0.13489164360599504	0.13417852444032569	0.13345297564673558	0.13271544990912137	0.13196689211600993	0.13120870701214077	0.13044269750670948	0.12967095259768052	0.12889578223868164	0.12811965983205753	0.12734514064070004	0.12657478373744133	0.1258110883728242	0.12505644485034162	0.12431310070605493	0.1235831410287616	0.12286848070505783	0.12217086640962155	0.1214918859823573	0.12083298207388232	0.1201954673036608	0.11958053873651096	0.11898928649263654	0.11842268847096726	0.11788158724271913	0.11736665292257532	0.11687833893342772	0.11641683478951553	0.11598201699572726	0.11557339877349135	0.1151900796345258	0.11483069692404496	0.11449338503971898	0.11417575159499518	0.11387487911242497	0.11358735641163109	0.11330933995687534	0.11303664404283295	0.11276485835286237	0.11248949052098817	0.11220612940842935	0.11191062181394694	0.1115992518108643	0.11126890933482582	0.11091723434320103	0.1105427249161719	0.1101448015083592	0.10972382417385099	0.10928106336855938	0.10881862705668705	0.10833934822315316	0.10784663878637456	0.10734431835462759	0.10683642833668364	0.10632704284097558	0.10582008752601667	0.10531917648908251	0.10482747572869562	0.10434759973886883	0.10388154533688194	0.10343066398294415	0.10299567092022725	0.10257668686928906	0.10217330613077202	0.10178468397594519	0.10140963609998646	0.10104674344970664	0.10069445657117612	0.10035119442640622	0.10001543324398146	0.09968578146960273	0.09936103750166997
2.6179938779914944	0.23328467238227502	0.23312282459781145	0.23286500940378402	0.23252726754052774	0.23212915172097098	0.2316914220859521	0.23123363968810082	0.23077198143229816	0.23031755673943657	0.22987542304263978	0.22944438927011027	0.229017582226522	0.22858364862014835	0.2281283903951239	0.2276365922762514	0.22709380040477986	0.2264878453865674	0.22580996253346874	0.2250554341375822	0.22422375043270174	0.2233183465039013	0.22234601437876694	0.2213161097592908	0.22023967239258346	0.21912856227156363	0.21799468696108001	0.21684936504336863	0.215702842768761	0.21456395949767673	0.21343994427103272	0.2123363206311571	0.21125689785594573	0.21020383144092233	0.20917774124478344	0.20817788000426452	0.20720234664511591	0.20624833771871365	0.20531242704762884	0.2043908595264107	0.2034798414564164	0.2025758080628816	0.20167564972632124	0.20077688208531272	0.1998777510816596	0.19897727110438354	0.19807520161263253	0.19717197357481156	0.19626858092215865	0.19536645362512065	0.19446732751961326	0.19357312300026783	0.19268584003269654	0.1918074722287688	0.19093993865155504	0.19008502942888633	0.18924436021169566	0.18841933018935667	0.18761108154723935	0.18682045921815144	0.18604797297504125	0.18529376525280092	0.18455758900427152	0.18383879960482036	0.1831363635755585	0.18244888501874149	0.18177464858034656	0.18111167591656505	0.18045779139113172	0.17981069226834118	0.17916801899652984	0.1785274221389218	0.1778866239067424	0.17724347919755723	0.17659598495570913	0.17594238246447755	0.1752811926278819	0.17461123413071133	0.17393167622307543	0.17324206932372296	0.17254235333386803	0.17183286274681453	0.17111432060623696	0.17038781118761273	0.1696547044416412	0.16891658746718816	0.16817525811253395	0.1674326618298639	0.16669080548865586	0.16595160809741677	0.165216769930811	0.16448769773750319	0.1637654486369529	0.1630506650086078	0.16234352693810236	0.161643720553064	0.16095040825766396	0.1602622405547095	0.1595774827130969	0.15889416600607462	0.158210131899929	0.15752306255286608	0.15683056364672637	0.15613025861313545	0.15541986915633582	0.15469729018895878	0.15396066469958986	0.1532084577171572	0.152439534189136	0.15165323710484	0.15084929572237543	0.15002789285787588	0.14918998078043227	0.1483369906257959	0.14747072622569868	0.14659332676518194	0.1457072497885322	0.1448151516824661	0.14391970364660206	0.14302346914261233	0.14212886096430336	0.14123809815440505	0.14035280806596406	0.13947443225101389	0.13860467949433206	0.1377451210815074	0.13689703025967975	0.1360613178122724	0.13523860192419102	0.1344291919604482	0.1336330119732645	0.1328496156451061	0.13207837950783677	0.13131876590726443	0.13057029359748598	0.12983244353382964	0.12910470193338072	0.1283866530449203	0.12767804444792574	0.12697881184901333	0.1262890865688712	0.1256091941623193	0.12493964419511071	0.12428111370983365	0.12363442648654019	0.12300052926429761	0.12238046637675454	0.12177535657518529	0.1211863772782895	0.12061475647645817	0.12006176309715522	0.11952868377034424	0.11901677964248138	0.11852722382924338	0.11806102660823274	0.11761896049423676	0.11720149490400392	0.11680873993720477	0.11644039072600133	0.116095666046208	0.11577324411830074	0.11547120647929648	0.11518700356183299	0.11491745314271806	0.11465877725774681	0.11440667812286832	0.11415645068456771	0.11390312745008421	0.11364164922378607	0.11336705360615186	0.11307467166471105	0.11276032108939173	0.11242048132200881	0.11205243574401968	0.111654371234419	0.11122543365751068	0.1107657430046096	0.11027637203606257	0.10975929032081692	0.10921727483695662	0.10865378984747007	0.10807284172233125	0.10747881712105323	0.10687631426141066	0.10626997658514846	0.10566433657874238	0.10506367586508714	0.10447190667462188	0.10389247923775338	0.10332831870782166	0.10278179337767142	0.10225471335219982	0.10174835612123284	0.10126351334332298	0.10080055208228136	0.1003594838160529	0.09994003543154877	0.09954171762330757	0.09916388725612986	0.09880580121271158	0.09846666006625439
2.8797932657906435	0.27615752447010355	0.27540259462075634	0.27417340935022816	0.2725131258836655	0.27047868351507764	0.2681368549049603	0.2655598475911244	0.26282088762801115	0.2599901837261861	0.25713158917712875	0.25430016579286496	0.2515407284447312	0.2488873301261223	0.2463635521807872	0.2439834031173257	0.2417526060161983	0.2396700659020995	0.23772934621889996	0.2359200362154763	0.2342289465798031	0.23264111875128313	0.23114066710267545	0.22971148985634526	0.22833788537574706	0.22700509954459047	0.2256998131112674	0.2244105610472804	0.22312806390745465	0.22184544668354977	0.2205583242763588	0.21926474305265609	0.2179649822177917	0.21666123358483924	0.21535719066439984	0.21405758561405164	0.21276771445442932	0.21149298733548516	0.2102385327822297	0.20900887467143592	0.20780769023553136	0.20663764842614174	0.2055003216632587	0.2043961607826853	0.20332452251986133	0.20228374046548792	0.20127123273111058	0.20028364175298285	0.19931700275406639	0.19836693692260499	0.1974288638013335	0.19649822451936338	0.19557070487875927	0.19464244508425632	0.19371022221580259	0.19277159236337493	0.19182498245158097	0.19086972551864656	0.18990603884921375	0.18893494894817642	0.18795817235916445	0.1869779642728624	0.1859969485204782	0.18501794246716807	0.18404378875527838	0.18307720326593047	0.18212064561541552	0.1811762155210047	0.18024557587669182	0.17932990166557056	0.17842985295204944	0.17754556998260274	0.1766766885612711	0.1758223662258373	0.17498137941075131	0.17415214272844542	0.17333277475557052	0.1725212194663756	0.17171533976737163	0.170913025038802	0.1701122919562676	0.1693113734750546	0.1685087966733162	0.1677034399754374	0.16689459142177804	0.16608196390668145	0.16526562514434107	0.16444594554847258	0.16362354598374423	0.16279927479682904	0.16197420126826056	0.16114955401097997	0.1603266303027175	0.15950673266127868	0.1586911264741256	0.15788101430916401	0.15707753641842392	0.15628176220054424	0.15549460646793228	0.1547167441800294	0.15394860454820625	0.15319039204164736	0.15244210619116172	0.151703554000785	0.15097435796359532	0.15025396688406256	0.14954167167346644	0.14883662123707503	0.14813782089422034	0.1474440909959328	0.14675415716770884	0.14606675622227244	0.14538058300688617	0.1446943982773402	0.14400700452266169	0.14331726852399645	0.14262420564027167	0.14192702451558725	0.14122515543997954	0.14051827838080266	0.1398063095280303	0.13908936389540072	0.13836806641559257	0.13764316461625575	0.13691502078186807	0.1361839876260006	0.13545052355380943	0.13471521484899607	0.1339788585195592	0.13324244535198992	0.1325071200524235	0.13177423886553946	0.13104531704430994	0.13032186674986618	0.12960532829247723	0.12889704290550458	0.12819822664179786	0.12750997272856446	0.12683326678742607	0.12616899068124865	0.12551792545255863	0.12488076031811512	0.1242581057932084	0.12365050891741336	0.12305846736372111	0.1224824397045664	0.12192285120121349	0.12138009602229244	0.12085453617182584	0.12034649629415056	0.11985625375585363	0.11938402303698137	0.11892993260001755	0.11849399430987989	0.11807606904596296	0.11767583247452096	0.11729274143836638	0.11692599925335395	0.11657451959771109	0.11623689009442523	0.1159113371790722	0.11559569626411242	0.11528739473534533	0.11498345573769758	0.1146805274228096	0.11437493901453416	0.11406278380162566	0.113740028704926	0.11340264879438994	0.1130467825089525	0.11266889950608128	0.11226596939247763	0.11183561825948374	0.11137626126498612	0.11088720139301811	0.1103686862766784	0.10982191796605956	0.10924901474749144	0.10865292791519265	0.10803731911574876	0.1074064061315827	0.10676478698078012	0.10611725351980278	0.10546860598861968	0.10482347929849861	0.10418619064471529	0.10356061623061613	0.10295010233219781	0.10235741280374322	0.10178471209058249	0.10123358044007219	0.10070505632926358	0.10019969991845196	0.09971767050825742	0.09925881066066211	0.09882272996699415	0.09840888235380185	0.09801663210499972	0.09764530520209014	0.09729422396893195	0.09696272431733854
3.141592653589793	0.23438684884340066	0.23422565695504893	0.2339687426117849	0.2336317835368824	0.23323378478619228	0.23279477795591852	0.23233343237534498	0.23186490749376643	0.23139922968048854	0.23094038956465335	0.23048624382085925	0.2300291873185092	0.22955745691120222	0.22905685234013662	0.22851262216476864	0.22791126547842766	0.22724203863644865	0.22649802015267229	0.22567666315137735	0.22477983983661187	0.2238134450151974	0.2227866682644728	0.22171106393578088	0.2205995462632333	0.21946541820007992	0.21832151390853616	0.21717950305234868	0.21604937608613883	0.21493910753613066	0.2138544804549236	0.21279904933174842	0.21177421875318703	0.21077941831100588	0.20981235797300157	0.20886935037136678	0.20794568624884135	0.20703604672784515	0.2061349320982706	0.20523708290043174	0.2043378667095841	0.20343360435771385	0.20252181289244486	0.20160134918034278	0.2006724469336869	0.1997366496557751	0.19879665135717506	0.19785606433558778	0.1969191380585198	0.1959904549126965	0.19507462695809386	0.1941760143990514	0.1932984810195535	0.19244519631214407	0.1916184887822272	0.19081975103643622	0.19004939466917237	0.189306850891388	0.18859061389309084	0.1878983227564648	0.18722687868253218	0.18657259353709033	0.1859313647678098	0.18529887013546942	0.1846707737436153	0.18404293300036545	0.1834115948607713	0.18277356937623424	0.18212636945540117	0.18146830784131618	0.18079854543407592	0.18011708886646027	0.179424739275017	0.17872300378156014	0.1780139230371114	0.17729997683980359	0.17658391862736567	0.17586858179845066	0.1751567292803311	0.1744509154359155	0.17375334815747046	0.17306577895515485	0.17238942650355904	0.17172492332087286	0.1710722587526219	0.1704307698345755	0.16979923741712177	0.1691759710699754	0.1685588814067629	0.1679455327444126	0.16733320116273154	0.16671900435740516	0.16610004253952693	0.16547351165219615	0.164836808807709	0.16418761473581256	0.1635239360588434	0.16284415039501132	0.16214713447147422	0.16143238029587836	0.1606999605297288	0.1599504403497518	0.159184803561482	0.15840437580608047	0.15761072970785195	0.15680557986591448	0.15599068301852648	0.15516775218556067	0.15433839905139868	0.15350411011050225	0.15266608045941754	0.15182521750122502	0.15098241481349173	0.15013838821506942	0.1492936364587436	0.14844842928802748	0.1476029256198652	0.14675720084802113	0.14591122038752824	0.1450648578345417	0.14421798124325735	0.14337054194023668	0.14252227891782643	0.1416731992436705	0.1408240730408814	0.1399761533391406	0.13913101432517205	0.13829038423058904	0.13745613539441603	0.13663019990711434	0.13581441565733565	0.13501043878283536	0.1342198150184768	0.13344415171626323	0.13268504369772594	0.13194392157846457	0.13122200526757755	0.13052033929982654	0.1298398413450087	0.12918132503304725	0.12854551253582236	0.12793304653541626	0.12734449961583427	0.1267803804308737	0.12624113594644237	0.12572714850145694	0.12523872672700953	0.12477609189438943	0.12433936398186407	0.12392854896631411	0.12354352136960789	0.12318399376434808	0.12284946949409781	0.12253918001449826	0.12225201477991898	0.12198645882558523	0.12174055230872871	0.12151187452280476	0.12129754269233795	0.12109421437735879	0.12089809053935074	0.1207049256235857	0.12051005530255998	0.12030845029371484	0.1200947988713299	0.1198636163171154	0.11960937812979755	0.11932667326663993	0.11901037270788406	0.11865580776836315	0.11825895196332437	0.11781659830823976	0.11732651986475973	0.1167875986360728	0.11619991136075547	0.11556476877976807	0.1148847108006722	0.1141634603328634	0.11340583602072662	0.11261762288952037	0.11180540200718225	0.1109763447123292	0.11013798156447363	0.10929795920213092	0.10846379911951942	0.10764267142345807	0.10684119494435529	0.10606527337388649	0.10531997516466451	0.10460946207582089	0.10393696730832946	0.10330481968866378	0.10271450617398925	0.10216676189020579	0.10166167557956529	0.10119879886056726	0.10077724967542856	0.10039580302809081	0.10005296499087368	0.09974702860543205	0.09947611252281585
3.4033920413889427	0.27615752447010355	0.27540259462075634	0.27417340935022816	0.2725131258836655	0.27047868351507764	0.2681368549049603	0.2655598475911244	0.26282088762801115	0.2599901837261861	0.25713158917712875	0.25430016579286496	0.2515407284447312	0.2488873301261223	0.2463635521807872	0.2439834031173257	0.2417526060161983	0.2396700659020995	0.23772934621889996	0.2359200362154763	0.2342289465798031	0.23264111875128313	0.23114066710267545	0.22971148985634526	0.22833788537574706	0.22700509954459047	0.2256998131112674	0.2244105610472804	0.22312806390745465	0.22184544668354977	0.2205583242763588	0.21926474305265609	0.2179649822177917	0.21666123358483924	0.21535719066439984	0.21405758561405164	0.21276771445442932	0.21149298733548516	0.2102385327822297	0.20900887467143592	0.20780769023553136	0.20663764842614174	0.2055003216632587	0.2043961607826853	0.20332452251986133	0.20228374046548792	0.20127123273111058	0.20028364175298285	0.19931700275406639	0.19836693692260499	0.1974288638013335	0.19649822451936338	0.19557070487875927	0.19464244508425632	0.19371022221580259	0.19277159236337493	0.19182498245158097	0.19086972551864656	0.18990603884921375	0.18893494894817642	0.18795817235916445	0.1869779642728624	0.1859969485204782	0.18501794246716807	0.18404378875527838	0.18307720326593047	0.18212064561541552	0.1811762155210047	0.18024557587669182	0.17932990166557056	0.17842985295204944	0.17754556998260274	0.1766766885612711	0.1758223662258373	0.17498137941075131	0.17415214272844542	0.17333277475557052	0.1725212194663756	0.17171533976737163	0.170913025038802	0.1701122919562676	0.1693113734750546	0.1685087966733162	0.1677034399754374	0.16689459142177804	0.16608196390668145	0.16526562514434107	0.16444594554847258	0.16362354598374423	0.16279927479682904	0.16197420126826056	0.16114955401097997	0.1603266303027175	0.15950673266127868	0.1586911264741256	0.15788101430916401	0.15707753641842392	0.15628176220054424	0.15549460646793228	0.1547167441800294	0.15394860454820625	0.15319039204164736	0.15244210619116172	0.151703554000785	0.15097435796359532	0.15025396688406256	0.14954167167346644	0.14883662123707503	0.14813782089422034	0.1474440909959328	0.14675415716770884	0.14606675622227244	0.14538058300688617	0.1446943982773402	0.14400700452266169	0.14331726852399645	0.14262420564027167	0.14192702451558725	0.14122515543997954	0.14051827838080266	0.1398063095280303	0.13908936389540072	0.13836806641559257	0.13764316461625575	0.13691502078186807	0.1361839876260006	0.13545052355380943	0.13471521484899607	0.1339788585195592	0.13324244535198992	0.1325071200524235	0.13177423886553946	0.13104531704430994	0.13032186674986618	0.12960532829247723	0.12889704290550458	0.12819822664179786	0.12750997272856446	0.12683326678742607	0.12616899068124865	0.12551792545255863	0.12488076031811512	0.1242581057932084	0.12365050891741336	0.12305846736372111	0.1224824397045664	0.12192285120121349	0.12138009602229244	0.12085453617182584	0.12034649629415056	0.11985625375585363	0.11938402303698137	0.11892993260001755	0.11849399430987989	0.11807606904596296	0.11767583247452096	0.11729274143836638	0.11692599925335395	0.11657451959771109	0.11623689009442523	0.1159113371790722	0.11559569626411242	0.11528739473534533	0.11498345573769758	0.1146805274228096	0.11437493901453416	0.11406278380162566	0.113740028704926	0.11340264879438994	0.1130467825089525	0.11266889950608128	0.11226596939247763	0.11183561825948374	0.11137626126498612	0.11088720139301811	0.1103686862766784	0.10982191796605956	0.10924901474749144	0.10865292791519265	0.10803731911574876	0.1074064061315827	0.10676478698078012	0.10611725351980278	0.10546860598861968	0.10482347929849861	0.10418619064471529	0.10356061623061613	0.10295010233219781	0.10235741280374322	0.10178471209058249	0.10123358044007219	0.10070505632926358	0.10019969991845196	0.09971767050825742	0.09925881066066211	0.09882272996699415	0.09840888235380185	0.09801663210499972	0.09764530520209014	0.09729422396893195	0.09696272431733854
3.665191429188092	0.23328467238227502	0.23312282459781145	0.23286500940378402	0.23252726754052774	0.23212915172097098	0.2316914220859521	0.23123363968810082	0.23077198143229816	0.23031755673943657	0.22987542304263978	0.22944438927011027	0.229017582226522	0.22858364862014835	0.2281283903951239	0.2276365922762514	0.22709380040477986	0.2264878453865674	0.22580996253346874	0.2250554341375822	0.22422375043270174	0.2233183465039013	0.22234601437876694	0.2213161097592908	0.22023967239258346	0.21912856227156363	0.21799468696108001	0.21684936504336863	0.215702842768761	0.21456395949767673	0.21343994427103272	0.2123363206311571	0.21125689785594573	0.21020383144092233	0.20917774124478344	0.20817788000426452	0.20720234664511591	0.20624833771871365	0.20531242704762884	0.2043908595264107	0.2034798414564164	0.2025758080628816	0.20167564972632124	0.20077688208531272	0.1998777510816596	0.19897727110438354	0.19807520161263253	0.19717197357481156	0.19626858092215865	0.19536645362512065	0.19446732751961326	0.19357312300026783	0.19268584003269654	0.1918074722287688	0.19093993865155504	0.19008502942888633	0.18924436021169566	0.18841933018935667	0.18761108154723935	0.18682045921815144	0.18604797297504125	0.18529376525280092	0.18455758900427152	0.18383879960482036	0.1831363635755585	0.18244888501874149	0.18177464858034656	0.18111167591656505	0.18045779139113172	0.17981069226834118	0.17916801899652984	0.1785274221389218	0.1778866239067424	0.17724347919755723	0.17659598495570913	0.17594238246447755	0.1752811926278819	0.17461123413071133	0.17393167622307543	0.17324206932372296	0.17254235333386803	0.17183286274681453	0.17111432060623696	0.17038781118761273	0.1696547044416412	0.16891658746718816	0.16817525811253395	0.1674326618298639	0.16669080548865586	0.16595160809741677	0.165216769930811	0.16448769773750319	0.1637654486369529	0.1630506650086078	0.16234352693810236	0.161643720553064	0.16095040825766396	0.1602622405547095	0.1595774827130969	0.15889416600607462	0.158210131899929	0.15752306255286608	0.15683056364672637	0.15613025861313545	0.15541986915633582	0.15469729018895878	0.15396066469958986	0.1532084577171572	0.152439534189136	0.15165323710484	0.15084929572237543	0.15002789285787588	0.14918998078043227	0.1483369906257959	0.14747072622569868	0.14659332676518194	0.1457072497885322	0.1448151516824661	0.14391970364660206	0.14302346914261233	0.14212886096430336	0.14123809815440505	0.14035280806596406	0.13947443225101389	0.13860467949433206	0.1377451210815074	0.13689703025967975	0.1360613178122724	0.13523860192419102	0.1344291919604482	0.1336330119732645	0.1328496156451061	0.13207837950783677	0.13131876590726443	0.13057029359748598	0.12983244353382964	0.12910470193338072	0.1283866530449203	0.12767804444792574	0.12697881184901333	0.1262890865688712	0.1256091941623193	0.12493964419511071	0.12428111370983365	0.12363442648654019	0.12300052926429761	0.12238046637675454	0.12177535657518529	0.1211863772782895	0.12061475647645817	0.12006176309715522	0.11952868377034424	0.11901677964248138	0.11852722382924338	0.11806102660823274	0.11761896049423676	0.11720149490400392	0.11680873993720477	0.11644039072600133	0.116095666046208	0.11577324411830074	0.11547120647929648	0.11518700356183299	0.11491745314271806	0.11465877725774681	0.11440667812286832	0.11415645068456771	0.11390312745008421	0.11364164922378607	0.11336705360615186	0.11307467166471105	0.11276032108939173	0.11242048132200881	0.11205243574401968	0.111654371234419	0.11122543365751068	0.1107657430046096	0.11027637203606257	0.10975929032081692	0.10921727483695662	0.10865378984747007	0.10807284172233125	0.10747881712105323	0.10687631426141066	0.10626997658514846	0.10566433657874238	0.10506367586508714	0.10447190667462188	0.10389247923775338	0.10332831870782166	0.10278179337767142	0.10225471335219982	0.10174835612123284	0.10126351334332298	0.10080055208228136	0.1003594838160529	0.09994003543154877	0.09954171762330757	0.09916388725612986	0.09880580121271158	0.09846666006625439
3.9269908169872414	0.2801226104490989	0.27936994917218194	0.27814330809740917	0.2764836459935458	0.27444488812539913	0.27209025907927054	0.26948820344732943	0.266708295876435	0.2638175109634736	0.26087714810224855	0.2579406009089388	0.25505204312602014	0.25224599109521123	0.24954761238071863	0.2469735911735104	0.24453333765467844	0.2422303382331848	0.24006347914561732	0.23802822688892505	0.2361176041422186	0.23432294933952577	0.2326344848855185	0.23104173982523496	0.22953387787110302	0.22809997423534595	0.22672926962797108	0.2254114124163466	0.2241366849480629	0.2228962005451891	0.22168205494254653	0.22048741943276762	0.21930657080820415	0.21813486274808971	0.2169686519467824	0.21580519792476405	0.21464255693745837	0.2134794876128764	0.21231537976145043	0.2111502097578427	0.20998451781056365	0.2088193960024877	0.20765647242649318	0.20649787661397684	0.2053461745206933	0.2042042669317	0.2030752518367479	0.20196225795329356	0.20086826184247109	0.19979590402292063	0.19874732015723534	0.1977240013198488	0.1967266937692807	0.195755343877942	0.19480908921162052	0.19388629240140445	0.19298461210272927	0.1921011031677689	0.19123233880365098	0.19037454726430458	0.18952375787977238	0.18867595169425633	0.18782721300601748	0.1869738782438139	0.18611267820843752	0.18524086893432723	0.18435634560917621	0.1834577334836326	0.182544449799175	0.18161673166850073	0.18067562657186564	0.17972294450772752	0.17876117349150863	0.1777933546078339	0.17682298571740018	0.17585381196641395	0.1748896538586922	0.17393425809226054	0.1729911437706961	0.17206346996029426	0.17115392533195822	0.17026463798628327	0.1693971151194209	0.1685522091347374	0.16773013539913312	0.1669304855635508	0.16615218799982245	0.16539356163336547	0.1646523710367234	0.16392593205073674	0.16321126505105482	0.162505217406257	0.16180455029749474	0.16110604101493237	0.16040660472505333	0.15970342157410636	0.15899407279460567	0.1582766437302479	0.15754972231527228	0.1568123737088884	0.15606417332823697	0.1553052312881336	0.1545361859180068	0.15375816855836294	0.15297274645505293	0.15218184754939654	0.15138767121471394	0.1505925880246168	0.14979901590124098	0.14900925600876264	0.14822546996474645	0.1474496375014459	0.1466833489456057	0.1459279442865301	0.14518438818013385	0.14445311309519404	0.1437340827094279	0.14302686515574123	0.1423306573169584	0.14164429772811685	0.14096627388326569	0.14029475501121677	0.139628026661159	0.13896409156974757	0.1383002171858601	0.13763365071197964	0.13696176433510474	0.13628207315684102	0.1355925285606243	0.13489164360599498	0.13417852444032566	0.13345297564673556	0.13271544990912135	0.1319668921160099	0.13120870701214074	0.13044269750670945	0.1296709525976805	0.12889578223868162	0.12811965983205748	0.12734514064070002	0.1265747837374413	0.12581108837282418	0.1250564448503416	0.1243131007060549	0.12358314102876157	0.12286848070505779	0.12217086640962152	0.12149188598235727	0.1208329820738823	0.12019546730366079	0.11958053873651095	0.11898928649263651	0.11842268847096724	0.1178815872427191	0.1173666529225753	0.1168783389334277	0.1164168347895155	0.11598201699572723	0.11557339877349132	0.11519007963452577	0.11483069692404493	0.11449338503971895	0.11417575159499516	0.11387487911242494	0.11358735641163106	0.11330933995687531	0.11303664404283292	0.11276485835286235	0.11248949052098817	0.11220612940842933	0.11191062181394691	0.11159925181086428	0.1112689093348258	0.110917234343201	0.11054272491617187	0.11014480150835919	0.10972382417385096	0.10928106336855936	0.10881862705668703	0.10833934822315315	0.10784663878637454	0.10734431835462757	0.10683642833668362	0.10632704284097558	0.10582008752601664	0.10531917648908248	0.1048274757286956	0.1043475997388688	0.10388154533688192	0.10343066398294413	0.10299567092022724	0.10257668686928903	0.102173306130772	0.10178468397594517	0.10140963609998643	0.10104674344970661	0.1006944565711761	0.1003511944264062	0.10001543324398143	0.0996857814696027	0.09936103750166995
4.1887902047863905	0.22928607163696713	0.22912181928923575	0.22886053572747878	0.22851927934688854	0.22811914622932422	0.22768296749943412	0.22723287095218156	0.22678801400949217	0.226362758576552	0.2259654848655407	0.2255981440935806	0.2252565455749325	0.2249312785913415	0.22460909721538935	0.22427455573005695	0.22391167619850746	0.2235054549907546	0.22304306386735986	0.22251466293742012	0.22191380618414935	0.22123747538503474	0.22048581810375517	0.2196616865891665	0.2187700771143158	0.2178175567547657	0.2168117419945393	0.2157608667043733	0.21467345135323784	0.21355806487215218	0.21242315769244696	0.21127693959020588	0.21012727798522546	0.20898159911781056	0.20784678347217542	0.20672905548114406	0.20563387407565087	0.2045658340138501	0.2035285880212185	0.20252479722732103	0.20155611332139395	0.2006231915539336	0.19972573031404575	0.1988625312445028	0.19803157398189844	0.1972301012421762	0.19645471259446415	0.19570146789040407	0.1949660031450222	0.19424366227109371	0.1935296467307038	0.1928191828773893	0.19210770308226446	0.1913910330760194	0.1906655747258476	0.18992847180220976	0.18917774582914457	0.18841239016505096	0.1876324147433307	0.18683883661838988	0.18603361708681776	0.185219550051536	0.1844001100082175	0.18357927048210698	0.182761304839464	0.18195058123246677	0.1811513622510291	0.1803676180171591	0.1796028593568302	0.17885999567747624	0.17814122050576184	0.1774479264012462	0.17678065022993686	0.17613905467067265	0.17552189864283166	0.17492712739672414	0.17435192768662566	0.17379281856732437	0.17324577876892802	0.17270639791600284	0.1721700202349744	0.17163190668464604	0.17108740383735124	0.17053209887520884	0.16996192615561995	0.16937328655973782	0.16876324137375137	0.16812958150059987	0.16747087508812442	0.16678646687674487	0.16607643145574238	0.16534151571935773	0.16458309451115688	0.16380311223393076	0.16300399824870074	0.16218855716932487	0.16135983592603326	0.160521016844764	0.15967540587722606	0.15882641850773424	0.15797745478227246	0.1571317752811655	0.15629240705487107	0.15546204863130528	0.15464298208883773	0.15383700187078375	0.15304536015023776	0.15226873383676848	0.15150722336474437	0.15076038325864113	0.15002712317119044	0.14930581070651536	0.14859462369661952	0.14789134627576417	0.1471934693278792	0.14649825279016157	0.14580285809039478	0.14510441956913622	0.144400062874478	0.1436869836481643	0.14296258032260664	0.1422245658081498	0.14147068194220394	0.14069933139940186	0.13991006162295994	0.13910312039636577	0.1382794626008363	0.1374405710164787	0.1365884101019968	0.13572531220908443	0.134853784892342	0.13397641602423174	0.13309593727008387	0.1322153159635344	0.13133757260388235	0.13046558733881083	0.12960199578368364	0.12874914097875317	0.12790903631556766	0.1270833175177104	0.12627320446215481	0.125479480215253	0.12470248886521001	0.12394215475964727	0.1231980227463605	0.12246931657242915	0.12175501244754725	0.1210539270195492	0.12036481989947134	0.11968650504980222	0.11901795721680096	0.118358400037372	0.11770736828357432	0.11706473993468496	0.11643073891368995	0.11580591697589165	0.11519112390443784	0.11458746685954567	0.11399625217677606	0.11341890382812068	0.11285685970092812	0.11231145430819137	0.1117838016436146	0.1112746924201361	0.11078451582661246	0.11031321090002849	0.10986024949385775	0.10942465100730558	0.10900502721837142	0.10859965360953382	0.1082065616579703	0.10782364442647228	0.10744876566359028	0.10707986209768652	0.10671503096107701	0.10635259887075317	0.10599117180726302	0.1056296677875891	0.10526733369467414	0.1049037465777703	0.10453879932564066	0.104172671747363	0.10380578994503123	0.10343877810593856	0.10307240687309534	0.10270754160762896	0.10234509291061121	0.10198597124175861	0.10163104728840751	0.10128111953003201	0.10093688996196909	0.10059894815571277	0.10026776286549889	0.09994367950624888	0.09962692134465258	0.0993175923306644	0.09901568005825892	0.09872105813613996	0.09843348804295192	0.09815262119832588	0.09787800243468245
4.4505895925855405	0.2907976257471191	0.29005125537627047	0.28883289640561344	0.28717957269082206	0.28513974397144565	0.2827700705161288	0.28013182935543474	0.2772873388206684	0.2742967205112415	0.27121526064945356	0.26809153843049116	0.2649663830607501	0.26187261973882425	0.25883548164244136	0.2558735094956499	0.2529997365512615	0.25022296345440476	0.2475489585839351	0.24498146634478812	0.24252295875849106	0.24017511561623875	0.2379390586226555	0.23581539148702202	0.23380410995443968	0.23190444502968724	0.2301146926011303	0.22843206756510062	0.22685260447653707	0.2253711129401969	0.22398118636373202	0.22267525790441195	0.22144469684978518	0.22027994085486632	0.2191706626328974	0.21810597218280853	0.21707465620383817	0.21606545446514672	0.21506736874240284	0.21406999432691623	0.21306385826769542	0.21204074374763918	0.21099397745994447	0.20991865726635978	0.20881180088988188	0.2076724026303591	0.20650139301857087	0.2053015049091671	0.2040770574906431	0.20283367585790316	0.2015779677792878	0.20031718031805462	0.19905885771002818	0.1978105185682265	0.1965793660125545	0.1953720391271723	0.1941944104758764	0.19305142948174428	0.19194701001785344	0.19088395901592065	0.18986394227679187	0.1888874842640743	0.18795399898128512	0.18706184951066215	0.18620843386752517	0.18539029450955796	0.1846032481805319	0.18384253191786543	0.18310296020928754	0.1823790876891572	0.1816653715758772	0.1809563283262961	0.18024667961772045	0.17953147556501206	0.17880625182215307	0.178067083096328	0.17731065064032805	0.17653431823236784	0.17573616758210756	0.1749150375917747	0.17407053241254153	0.1732030122407558	0.1723135780295826	0.1714040384979125	0.17047689063311422	0.16953525382397602	0.1685826919567479	0.16762311633138638	0.1666606794320262	0.16569968271125468	0.16474450007170963	0.1637994810361647	0.16286881212294652	0.1619563752037499	0.16106564383396885	0.16019961248321535	0.1593607584334893	0.15855100178644438	0.15777160626534503	0.1570231065949068	0.1563053214018351	0.15561738720452148	0.15495782321160803	0.1543245895653875	0.15371514226508784	0.1531264975779823	0.15255530147842036	0.15199790037661476	0.15145039387396833	0.1509086449956941	0.1503684346761832	0.14982564684093652	0.14927626648576606	0.14871648271943272	0.14814265040860963	0.14755151344695405	0.14694027778564303	0.14630670990649136	0.14564919440818874	0.14496678018179027	0.1442591822983582	0.14352675020646335	0.14277080939029937	0.14199311846625834	0.14119533003228998	0.14037936522862818	0.13954745243565492	0.13870226058990534	0.1378469064303765	0.1369849067047548	0.13612003704906803	0.13525629474683415	0.13439774656656936	0.1335482703191332	0.13271136505241402	0.1318899972222207	0.13108655876631767	0.13030286461334173	0.12954013267070272	0.1287989772258194	0.12807943650981118	0.1273810273105226	0.12670281773716288	0.12604351288567045	0.12540154720302696	0.1247751777677481	0.12416257439271618	0.1235619034836106	0.12297140265062538	0.1223894446478805	0.1218145909201322	0.12124563242625297	0.12068161342185298	0.12012183767605315	0.11956586106124094	0.11901347463997111	0.11846467864075315	0.1179196450654128	0.11737866860528721	0.11684210835993646	0.11631032284338769	0.1157836007125325	0.11526209257671116	0.1147457518505697	0.11423429124620581	0.113727158537626	0.11322353396964739	0.1127223516504363	0.11222234673437308	0.11172212836999132	0.11122027499430513	0.11071544404636247	0.11020648441828683	0.10969253930705238	0.10917313001772937	0.10864821554018861	0.10811822598576867	0.10758406970714095	0.10704711464480524	0.10650914471364521	0.10597229272797563	0.10543895300417438	0.10491167885509688	0.10439307177367624	0.10388566977788935	0.10339184229812634	0.10291369836301069	0.10245301371344148	0.10201118082159101	0.10158918376873904	0.10118759782489885	0.10080661157753777	0.10044606772032293	0.10010551735743858	0.0997842821329951	0.09948151868305863	0.09919628060684794	0.09892757405776836	0.09867440394638136	0.0984358085559281	0.09821088115560174
4.71238898038469	0.21920590337463386	0.2190355008051018	0.21876476348189144	0.21841224089435984	0.21800130243275573	0.21755786444726266	0.21710794619537244	0.21667533877024492	0.21627964139836386	0.21593485663427636	0.21564865139125877	0.21542229857698736	0.2152512286343049	0.21512605350813652	0.2150338853484295	0.2149597614609544	0.21488800351040238	0.21480337660873916	0.2146919640324937	0.21454172652540415	0.2143427630055964	0.21408732573677058	0.21376966423114796	0.21338577786615298	0.2129331494747848	0.21241051481414008	0.21181770045038506	0.2111555397742242	0.21042585734655062	0.2096314980973799	0.20877637117629533	0.2078654782610776	0.20690490159995933	0.20590173605991646	0.20486395981857597	0.20380024808610286	0.2027197418577199	0.20163178832153716	0.2005456710030954	0.19947034644262973	0.19841420100738616	0.19738483735086254	0.1963888959914929	0.19543191424587691	0.19451822259948592	0.19365087766302647	0.19283163075434573	0.19206093143660996	0.19133796566418826	0.19066072781681165	0.19002612523457474	0.1894301123007469	0.18886784930938183	0.18833387948962466	0.18782231634694058	0.18732703239995518	0.186841840599148	0.18636066124403616	0.18587766830354568	0.18538741202289244	0.18488491679390784	0.1843657555183036	0.18382610336622396	0.1832627747559663	0.18267324754186076	0.18205567786772747	0.18140890811002608	0.18073246904599438	0.18002657608964778	0.1792921183668873	0.17853063871545172	0.1777443025568668	0.17693585931550926	0.17610855135256076	0.17526608302057212	0.17441253107251642	0.17355224019682536	0.1726897199605285	0.1718295391880751	0.17097620559068738	0.17013404866840187	0.1693071122515457	0.1684990492913826	0.16771299573800047	0.16695148117471947	0.16621645247378092	0.1655092475263641	0.1648305462088817	0.16418031952955825	0.1635578068273439	0.16296153244090306	0.16238934315701958	0.16183845738054792	0.1613055301544315	0.16078671814986956	0.1602777360797092	0.15977394869853	0.15927056231064418	0.15876281415683635	0.15824605066518527	0.15771579718452977	0.1571678559141173	0.15659839655176866	0.1560040283682892	0.15538185718553654	0.15472953166019243	0.15404528226158487	0.1533279636077589	0.15257710578283218	0.1517927981343662	0.15097561844013696	0.15012694024142925	0.1492488721876578	0.14834405478415674	0.14741556707537795	0.1464669227428103	0.1455020051198324	0.14452491635982778	0.14353985643420264	0.1425510697813981	0.14156279635995994	0.14057887571539518	0.13960311388565044	0.13863976840456027	0.13769306093257783	0.1367668851366619	0.13586462976341962	0.13498910543304854	0.13414244055113927	0.13332595668321462	0.1325401178374671	0.1317846349071401	0.13105869483759247	0.13036096525691077	0.1296895115771337	0.12904181855140445	0.12841487422782516	0.12780526826840155	0.12720928263507536	0.12662297990412436	0.12604229501301079	0.12546313193029102	0.12488146647207998	0.12429345374108136	0.1236955362578489	0.12308454864327578	0.12245781755311919	0.12181325770847573	0.12114945912288427	0.12046575071938515	0.11976222614439602	0.11903972757003001	0.11829979003487762	0.11754455362825422	0.11677665733381115	0.11599912989396294	0.11521528499234646	0.11442861748781219	0.11364269432171303	0.11286103896667854	0.11208701560758366	0.11132372341967733	0.11057391071106215	0.10983991451368419	0.10912362664773612	0.1084264846891298	0.10774948523464467	0.10709321622688384	0.10645790461909732	0.10584347529028981	0.1052496162541432	0.10467584353476961	0.10412155803082912	0.10358608826532134	0.10306871684440633	0.10256869236521365	0.10208523067817721	0.10161750965376382	0.10116466071852714	0.10072575960824315	0.10029981879189431	0.09988578450116287	0.09948254130150991	0.09908892608562841	0.09870375150572386	0.09832583702474795	0.09795404472258346	0.09758731686796912	0.09722471261135651	0.09686544146136089	0.09650889127698592	0.09615464846178068	0.09580250819987385	0.0954524732356431	0.0951047409232868	0.09475967976466948	0.09441779795306704	0.09407970720816988	0.09374608533933115	0.09341764062017277
4.974188368183839	0.31884553286488326	0.3181161814178746	0.3169234321581795	0.3152993955615879	0.31328560537973743	0.310930199956583	0.3082848244782817	0.30540156941904856	0.30233023555321287	0.29911615606279984	0.2957987222689712	0.2924106649796801	0.2889780523943417	0.28552089004459075	0.28205415681270973	0.2785890874849484	0.2751345157597126	0.27169811747041683	0.268287434788659	0.2649106101460975	0.26157680582944065	0.2582963255391545	0.2550804837810152	0.2519412862901135	0.24889099038359927	0.2459416103520062	0.24310442272571783	0.24038951266659161	0.23780538864661221	0.23535868008315072	0.23305392293282684	0.2308934317857264	0.22887725343946555	0.22700319550146966	0.22526692330997616	0.2236621184638142	0.22218069184914166	0.22081304291943848	0.21954835518687085	0.21837491577779772	0.21728044505235108	0.2162524212606735	0.2152783854785954	0.214346213796688	0.21344434695621775	0.2125619718091004	0.2116891536821518	0.21081692318414147	0.20993732462528322	0.2090434354647063	0.20812936703301105	0.20719025589124207	0.20622225306837838	0.20522251569639677	0.20418920195498066	0.20312146841177678	0.20201946418558156	0.20088431860077813	0.19971811483270568	0.1985238457207838	0.19730534780079723	0.19606721204362226	0.19481467185795823	0.19355347093527442	0.19228971520362886	0.19102971436910035	0.18977981919770848	0.18854626080461098	0.1873349979005476	0.1861515772904611	0.18500101196682422	0.18388767998915706	0.18281523922843682	0.18178660492689416	0.18080390035551178	0.17986842244280873	0.17898065786905368	0.17814034380022256	0.17734650953209283	0.17659752255628405	0.17589116085870682	0.1752246862432217	0.17459491906273353	0.17399833747250165	0.17343116022450564	0.17288934876009027	0.1723686262603218	0.17186455346095872	0.1713726167886065	0.17088832932687023	0.17040727350374574	0.16992511889672274	0.1694376745096316	0.16894093951273872	0.168431158633511	0.1679049051006843	0.16735913470428915	0.1667911377414355	0.1661984969739185	0.16557914890522166	0.16493147750507917	0.16425435249147022	0.16354715695426916	0.16280981401650083	0.16204279620972506	0.1612471205563766	0.16042432613560098	0.159576414467433	0.15870572082443182	0.15781490115219823	0.15690716490370094	0.15598600165154966	0.15505483339018117	0.15411734964648705	0.15317724381044767	0.15223824807068173	0.1513040697403652	0.15037833871251122	0.14946458940377882	0.1485661917426866	0.1476862638052994	0.14682791333417447	0.14599393253487153	0.1451857751107902	0.14440411259901384	0.14364936768847658	0.14292146242392176	0.1422200681972982	0.14154462414133626	0.14089432107789998	0.14026823965119833	0.13966538802355963	0.1390844737757687	0.13852377725692958	0.13798129876428053	0.13745479738496238	0.1369418157033515	0.13643976654714082	0.1359460074951484	0.13545790693754262	0.1349729109112645	0.13448860689585232	0.13400277971308905	0.1335134546437953	0.13301892575762453	0.13251777107210816	0.13200885725174608	0.13149133415342829	0.1309646189340387	0.1304283752670388	0.12988249656064615	0.12932709549406865	0.1287624976326584	0.1281892404783891	0.12760807911010177	0.12701999235171657	0.12642617896921954	0.12582803690986424	0.12522712466309532	0.12462510671251123	0.12402368634149592	0.12342453108143414	0.12282919747035545	0.12223906121104784	0.12165525753705603	0.1210786362204034	0.1205097358277092	0.11994878135993971	0.11939570742717268	0.11885020506808398	0.11831178507720325	0.11777984737597981	0.11725374718635305	0.1167328528031132	0.1162165926140275	0.11570448975445355	0.11519618304266217	0.11469143323308054	0.11419011384380622	0.11369218622927975	0.11319765983002444	0.1127065404813254	0.11221877153848492	0.1117341739327232	0.11125239217464286	0.11077285376045114	0.11029474895849364	0.10981703611414566	0.10933847458982704	0.10885768401185401	0.10837322543890894	0.10788369790227677	0.10738784263095283	0.10688464700798052	0.10637344059940981	0.10585397619374885	0.10532648961452212	0.10479173319267873	0.10425097929356292	0.10370599222626102
5.235987755982989	0.18985765667860088	0.18966914666842571	0.18936926260400472	0.18897840416988942	0.18852273029194339	0.1880319347037384	0.1875368261939969	0.18706697593153948	0.18664866903810132	0.18630334261218345	0.18604661777225295	0.18588795142398537	0.18583085689508505	0.18587358183563185	0.1860100937869546	0.1862312111684117	0.18652572845385199	0.18688141391358917	0.18728579927609867	0.18772672518867684	0.1881926473473005	0.18867274030159803	0.18915685619626646	0.18963540341074087	0.19009920653720871	0.19053939713506118	0.19094736767155981	0.19131480251032906	0.19163378277423676	0.19189694860328133	0.19209769399670468	0.19223036636079155	0.19229044455518712	0.19227467453011313	0.19218114913989515	0.19200932691895972	0.19175999218851203	0.1914351648513337	0.1910379720680898	0.19057249557544792	0.19004360795204922	0.18945680917646904	0.1888180719686314	0.18813370131170318	0.18741021064064292	0.18665421487742814	0.1858723388606939	0.18507113875671835	0.18425703369484212	0.18343624488716695	0.18261473974040526	0.18179817900339387	0.18099186542274437	0.18020069297926772	0.17942909656545222	0.1786810022174863	0.17795977961184983	0.17726819789370724	0.17660838747916016	0.17598181051455114	0.17538924253205534	0.17483076772542527	0.17430578962882354	0.1738130581098707	0.1733507125354422	0.17291633985784263	0.1725070453322898	0.17211953275914435	0.17175019060570107	0.17139518014653107	0.17105052191744005	0.17071217730772523	0.17037612890082432	0.1700384165346144	0.16969521744761604	0.1693429017205032	0.16897806263872645	0.16859753009245196	0.16819839466263736	0.1677780345115304	0.16733411617560842	0.16686459740250312	0.16636773091996418	0.16584204098046995	0.16528630648420484	0.1646996091682697	0.1640813977976293	0.1634314853155407	0.16274997902687655	0.16203724255537308	0.16129393782381796	0.16052105632005514	0.15971988763319125	0.15889198441514593	0.158039131869376	0.1571632973257452	0.1562666050254723	0.15535140391156677	0.15442033095366295	0.15347625776834042	0.15252217000827006	0.15156109499471987	0.15059607898358404	0.14963014892890383	0.14866625594184935	0.14770722635813002	0.14675572648507035	0.14581425271916343	0.14488516332099563	0.14397059146171604	0.1430721693350299	0.14219132615632918	0.14132969208403873	0.14048856013541794	0.1396687663489312	0.13887087857064806	0.13809524728636025	0.13734193739832326	0.13661064127468303	0.13590069689532427	0.1352111545599105	0.13454050419187488	0.13388682204074978	0.1332487782981222	0.13262548628311352	0.13201568160277516	0.13141778137635948	0.1308300493905501	0.1302505854555506	0.12967730073074052	0.12910781018575998	0.12853944441600726	0.12796962321626024	0.12739607099165223	0.12681658551138356	0.12622893384268752	0.12563095790135909	0.12502067883862822	0.12439634246271149	0.12375643381791043	0.12309968622114885	0.12242509041916813	0.12173190632667834	0.12101967876093984	0.12028825566007789	0.11953780518386731	0.11876883047091372	0.117982186794366	0.11717910600232173	0.11636122002664205	0.11553056226706901	0.1146895316976868	0.11384082147449907	0.1129873240159557	0.11213202856361096	0.11127792784034843	0.11042794327368875	0.10958486618151556	0.10875130625117534	0.10792964268968078	0.10712198022042638	0.10633011504161999	0.10555551517306083	0.10479931697770768	0.10406233651173338	0.10334509243683795	0.10264783680886955	0.10197059043277105	0.10131318044865735	0.1006752793390388	0.10005644540418827	0.09945616299870495	0.09887387707111892	0.09830901527030278	0.09776099492353048	0.09722921806718789	0.09671306041777585	0.09621185924501904	0.09572490306845288	0.0952514247749293	0.09479059953785321	0.09434154925874758	0.09390335523693856	0.09347507976997833	0.09305579546326959	0.09264461900679925	0.09224074514023466	0.09184347692580459	0.09145224975067713	0.09106664778923607	0.09068641242504077	0.09031144228770537	0.08994178436589734	0.08957761561810577	0.08921921506903352	0.08886692756544426	0.08852112172990506	0.08818214568419934	0.08785028456697877	0.08752572374952697
5.497787143782138	0.41939924147458885	0.4187319558605567	0.4176393320722835	0.4161478149500513	0.41429094355102886	0.41210687907597476	0.40963571754412986	0.4069168694971689	0.40398676515582804	0.40087708835927005	0.3976136661157678	0.39421605498358814	0.390697783346297	0.3870671407143188	0.38332835890696926	0.3794830086592588	0.3755314380755723	0.37147410227178596	0.3673126701870377	0.3630508377705562	0.3586948198592982	0.35425353073110033	0.34973849209884667	0.34516352572457704	0.34054429611357895	0.335897768382975	0.3312416395857404	0.3265937909224068	0.3219717956285824	0.31739250470575464	0.3128717213512137	0.3084239656884437	0.30406232448266407	0.2997983758726382	0.29564217645788876	0.29160229693713174	0.2876858924908286	0.2838987948828543	0.2802456145833689	0.27672984293408553	0.2733539464235783	0.27011944745884875	0.2670269885569463	0.26407637945883394	0.26126662922846544	0.2585959675482375	0.25606186099075623	0.25366103089141584	0.2513894794140802	0.24924252914444037	0.24721488030167543	0.24530068688985673	0.24349365104827614	0.24178713243669378	0.24017426712838277	0.23864809111692944	0.2372016596057811	0.23582815690770917	0.23452099152556655	0.23327387167208585	0.23208085907740303	0.23093640039546595	0.22983533719351593	0.22877289691710434	0.22774466828631673	0.22674656528200243	0.22577478424033767	0.22482575856835602	0.22389611535442305	0.22298263771740964	0.22208223605685315	0.22119193049779617	0.22030884129213593	0.21943021676000304	0.21855347073289014	0.21767613437995506	0.2167959201865012	0.21591079979016736	0.2150190520431664	0.21411929247085093	0.21321050672193886	0.21229208137034755	0.2113638232612175	0.21042597025728996	0.2094791790839602	0.20852448645850716	0.20756318851456956	0.20659672331216342	0.2056266953462501	0.2046549622316617	0.20368360503465197	0.20271477774599095	0.20175060569469908	0.20079316192594004	0.19984447881849138	0.19890657345369073	0.19798143136152993	0.19707090355520337	0.19617659991472772	0.1952998231648879	0.19444160511377334	0.1936028260208803	0.1927842847064873	0.19198668866371893	0.19121063194476073	0.19045659259820807	0.18972492909673583	0.18901584232154217	0.18832924961522943	0.18766470096516022	0.18702184527954327	0.1864007032956152	0.1858006718388499	0.18522043491698098	0.18465869761255937	0.18411435012629415	0.18358618000851445	0.18307273668920754	0.18257247669525045	0.18208390755566234	0.1816055719807792	0.18113619449099694	0.18067483496356207	0.18022001071994598	0.17976905569553295	0.17931890634299613	0.17886696471490254	0.17841110666923127	0.17794945202573026	0.1774802516614768	0.17700208281516144	0.17651419105111044	0.17601633868931216	0.17550813464740367	0.17498885350080848	0.1744577263645951	0.1739140882437838	0.1733573740561017	0.17278709928814875	0.17220285856323506	0.1716043419036424	0.17099135711200614	0.17036384979494976	0.1697219146475715	0.16906579664468943	0.16839588878866746	0.1677127380073389	0.16701706310566267	0.16630976823884636	0.16559192626635938	0.16486473111358033	0.16412945150601665	0.16338741823206016	0.16264005055992664	0.1618889061157325	0.16113572951197408	0.16038247580954867	0.15963129955186392	0.1588845195837991	0.15814457318832686	0.15741396024567147	0.1566951710429321	0.1559905981891788	0.15530244160985096	0.1546326178926746	0.15398268448754746	0.15335378859512216	0.15274664942673344	0.15216157897679836	0.1515985388855508	0.1510572205897028	0.15053712955877094	0.15003765969194896	0.1495581575446105	0.1490979833834089	0.1486565702898107	0.14823347360584874	0.14782840154827753	0.14744122238132462	0.14707194806463025	0.1467206967936477	0.14638763819421255	0.14607292573865696	0.14577662157393526	0.14549862002742042	0.14523857770995224	0.14499585905658657	0.14476950449284043	0.14455822405305147	0.14436041433103325	0.14417419345911958	0.1439974481059768	0.14382788757646678	0.14366310193749224	0.14350062266120356	0.14333798480163498	0.14317278914659548	0.14300276179984453	0.14282580800842032	0.14264005703057803
5.759586531581287	0.04730208742129449	0.04702518621521337	0.04658018874960712	0.04599097094430363	0.045288602438540104	0.04450906573851074	0.04369075058209368	0.04287197878901294	0.04208879229691234	0.0413731864033369	0.040751900827525195	0.04024580462153485	0.03986983878960554	0.039633422412882924	0.03954119051003521	0.039593917205169166	0.03978948458514725	0.040123781411490034	0.040591450265120316	0.041186439902717614	0.04190235544941584	0.04273262795962679	0.04367054423905106	0.04470918700230231	0.04584133544466712	0.047059369243979104	0.04835520751649339	0.04972030097370472	0.05114568273056305	0.05262207255714066	0.05414002181479283	0.055690082191862916	0.05726298043334985	0.05884978294392873	0.06044203761975886	0.062031884669135146	0.06361213271671584	0.06517630053659115	0.06671862791723529	0.06823406124966402	0.06971822045952408	0.07116735402635005	0.07257828826205168	0.07394837600683488	0.0752754486077746	0.0765577736671636	0.07779401969752062	0.0789832274931172	0.08012478694728373	0.08121841720819944	0.0822641473382216	0.08326229474092625	0.0842134386708829	0.08511838705499838	0.08597813583765418	0.08679382095844257	0.08756666602609695	0.08829792823477897	0.08898884639770582	0.08964059600504667	0.09025425535565382	0.09083078602912906	0.09137102961791321	0.09187572090135762	0.0923455158256393	0.09278103098313148	0.09318288998438304	0.09355177139751747	0.09388845281332064	0.0941938460837094	0.09446901986565459	0.09471520715716772	0.09493380509247634	0.09512632312310318	0.09529435383313381	0.09543957283743804	0.0955636655986477	0.09566824456675849	0.09575482144302014	0.09582477044347182	0.0958792919419923	0.09591939344220193	0.09594587883165853	0.09595933494715109	0.09596013168619436	0.09594844397611371	0.09592431115696767	0.09588770337832783	0.0958385169514206	0.09577651989778749	0.09570135602607752	0.09561263182987953	0.09550998785880174	0.0953931240203976	0.09526179356404865	0.09511577334418456	0.09495485021621924	0.09477886639077537	0.09458776816443162	0.09438163915825482	0.09416068576183356	0.09392517305039344	0.09367536823038429	0.0934115193948614	0.09313385566209346	0.09284258609198841	0.09253790178788178	0.09222000839390777	0.09188923265337752	0.09154607055033952	0.0911908152334424	0.09082329097933989	0.09044353130732509	0.09005201457191181	0.08964920625558104	0.08923531789282808	0.08881042893287323	0.08837466545702848	0.08792817530365488	0.0874710290938568	0.08700322591491812	0.0865245601182364	0.08603455983948363	0.08553298256831104	0.08502016994047366	0.08449681884672837	0.08396351730061312	0.08342048793557517	0.08286767725930755	0.08230497481810212	0.08173218514656054	0.08114875578453074	0.08055379063314087	0.07994650759561919	0.07932647072507135	0.07869341750434453	0.07804710050857976	0.07738728410874891	0.07671378252783674	0.07602647845833513	0.07532533139089743	0.07461038560454751	0.07388178261937771	0.07313978136764021	0.07238478530080794	0.07161736869165677	0.07083828964066494	0.07004848299516343	0.06924904386669486	0.0684412244998451	0.06762645267205165	0.06680634900407144	0.06598270911958337	0.0651574363820898	0.06433243994992302	0.06350952957308828	0.06269033718947521	0.06187627769138916	0.06106853816745689	0.06026807547833633	0.059475612511329934	0.058691638987330555	0.057916427229532774	0.0571500666841982	0.05639251271187158	0.05564364111931171	0.05490329951146	0.05417134772842795	0.05344768216104333	0.052732243603438755	0.05202501486772505	0.05132601818139597	0.050635318153814446	0.04995302572931325	0.04927929232233984	0.04861428814900738	0.04795816912735969	0.0473110424207482	0.0466729388462174	0.04604379552456203	0.04542344893471362	0.044811637916835956	0.04420801677146925	0.043612178754784056	0.04302368896538725	0.04244212301824943	0.04186710549009316	0.041298341792058824	0.040735639508664906	0.0401789189902713	0.03962821592087326	0.03908367938749063	0.03854556780827692	0.0380142430407818	0.037490161357639565	0.03697385956189876	0.0364659353368019	0.035967022314284905	0.035477761503374464	0.03499877124979438
6.021385919380437	1.4134303255666592	1.413379733206542	1.4133018286468086	1.413203464144096	1.4130916215535974	1.412971999972203	1.412847588540823	1.4127174280792976	1.4125757365794147	1.4124115202476504	1.4122087231557718	1.4119468959304746	1.411602298442086	1.4111493022410508	1.410561931248084	1.4098153756384146	1.408887331859583	1.4077590561829125	1.4064160632604035	1.4048484476008645	1.4030508482638782	1.4010221106340437	1.3987647211920837	1.3962841011159655	1.3935878434144078	1.3906849683914504	1.387585256437887	1.384298698392186	1.3808350846388593	1.3772037367818912	1.3734133715463654	1.3694720762698753	1.3653873691225695	1.361166314771542	1.3568156670005407	1.3523420130699826	1.3477518995387672	1.3430519251177988	1.3382487922200266	1.3333493146755866	1.3283603842110092	1.3232889024646515	1.318141688364618	1.3129253724354188	1.307646290248245	1.3023103864422194	1.2969231390210334	1.291489510774508	1.2860139317124726	1.2805003122644836	1.2749520841492827	1.2693722628421287	1.2637635232897242	1.2581282805680654	1.2524687649202733	1.2467870869139492	1.2410852844183884	1.2353653519049512	1.2296292489994987	1.2238788934350406	1.2181161419181206	1.2123427643766236	1.2065604172858964	1.2007706211004563	1.1949747455940296	1.1891740053307487	1.1833694658373712	1.1775620595468195	1.171752609453058	1.165941857744638	1.1601304964404493	1.1543191975238067	1.1485086614393412	1.1426995914472167	1.1368928179874547	1.1310891633858122	1.125289416720391	1.1194943636712988	1.1137048870490671	1.1079219524223745	1.1021465902195788	1.0963799300371293	1.0906232417360222	1.0848779431969573	1.0791455395984764	1.0734275195062275	1.0677252484822963	1.062039850954377	1.056372219591328	1.0507232849909736	1.045094222051852	1.0394864208413943	1.0339014072749344	1.028340861981745	1.0228067003135937	1.017301128270939	1.011826556776355	1.0063853694361966	1.0009796718049817	0.9956111614760103	0.9902811633628599	0.9849907671985806	0.9797409313809473	0.9745325174615376	0.9693662972146901	0.9642429548745309	0.9591630962031104	0.9541272697564669	0.9491359700707925	0.9441892607002236	0.9392863364454804	0.9344262529844909	0.9296083566000176	0.9248315754968591	0.9200938158374876	0.9153926459127651	0.9107259388877833	0.9060920539461432	0.9014896971918563	0.8969179130759516	0.8923763327560923	0.8878644654102814	0.8833811137994816	0.878924428198733	0.8744921599336911	0.870081289350747	0.8656879434156972	0.8613085661619069	0.8569407993691046	0.8525837074251037	0.8482372489132559	0.8439018261621802	0.8395785253064727	0.8352689640420876	0.8309745103425523	0.8266957949513876	0.822432813813665	0.8181851967304714	0.8139523336650059	0.809733401804063	0.805527391292	0.8013331534107238	0.79714947058522	0.7929751402604508	0.7888090572864154	0.7846502785326203	0.7804980697567347	0.776351961171839	0.7722118415147252	0.7680780811148931	0.7639516279624674	0.7598340130588159	0.7557272392493792	0.7516335912772552	0.7475554521548115	0.7434952041453984	0.7394552388095013	0.7354380397665028	0.7314462718794863	0.7274828238144136	0.7235507899127054	0.7196534109107496	0.7157940002969034	0.7119758694305374	0.7082022511814552	0.704476220113675	0.700800612693643	0.6971779567141547	0.6936104226938233	0.6900998096586054	0.6866475689052176	0.683254850199943	0.6799225359236531	0.6766512290280348	0.6734411864194216	0.670292222630839	0.667203624747803	0.6641741106789358	0.6612018414922941	0.6582844819585766	0.6554192986768679	0.6526032878792121	0.6498333277215906	0.6471063483236716	0.6444195074525181	0.6417703544250886	0.6391569640458862	0.6365780279180906	0.6340328996755927	0.6315215986001037	0.6290447789538995	0.626603670041884	0.6241999877446511	0.6218358161834922	0.6195134605458087	0.6172352779913808	0.6150034998051557	0.6128200614188638	0.6106864563361167	0.6086036262308385
