0.0	3.925246089313963	3.919928728567344	3.911180183161499	3.899166155796318	3.8841082735802974	3.8662742089035422	3.8459661144431556	3.823508137419413	3.799233801561885	3.7734740038902053	3.7465462761534	3.718745821276307	3.6903386698080682	3.661557126991405	3.6325975130134296	3.6036200497053237	3.5747506252432695	3.5460840793438946	3.5176885967679405	3.4896107756795374	3.461880946638316	3.4345183535134387	3.407535864378125	3.3809439529491443	3.3547537735550192	3.328979238980992	3.3036380949267006	3.2787520616175336	3.2543461773840656	3.230447526849294	3.207083565198238	3.18428025892147	3.1620602531965147	3.1404412490804234	3.119434733655319	3.099045157855655	3.0792696050099764	3.060097943176429	3.041513410597771	3.0234935495411515	3.0060113816650516	2.989036708732993	2.972537425469568	2.956480744951408	2.9408342583532794	2.925566777379757	2.9106489353300677	2.8960535489292134	2.881755764925872	2.867733031385278	2.8539649425967153	2.8404330087285397	2.8271203982068567	2.814011690769939	2.8010926698020118	2.788350168439784	2.7757719727826125	2.763346775584463	2.7510641672943557	2.7389146453182747	2.7268896196502537	2.714981401931226	2.7031831550462027	2.6914888449864582	2.6798930808292987	2.6683910209330772	2.656978135495045	2.6456501035168998	2.6344025489052623	2.623231097339813	2.6121312103565963	2.6010981137319744	2.5901268566246936	2.5792123129035227	2.5683492996163273	2.557532794641844	2.5467581247570026	2.5360210683783704	2.5253180381917497	2.5146462419464948	2.5040037996335727	2.493389805300092	2.482804343106003	2.472248456318301	2.461724073106618	2.45123389784667	2.4407812772370017	2.430370048905495	2.420004379256885	2.40968859603323	2.399427019398636	2.3892237966487855	2.3790827400838186	2.3690070296996693	2.3589982252728086	2.3490561489280437	2.3391792646888687	2.329366284706189	2.3196163377972434	2.3099284437519154	2.3003009702243373	2.2907321072309075	2.281220050898368	2.2717629955927703	2.262359174222939	2.253007236417089	2.2437069394815126	2.2344591296789247	2.2252647376609893	2.216121451560738	2.2070235126352813	2.197969784771593	2.1889538073186405	2.1799732221589836	2.171028838077694	2.1621207555212534	2.1532492837968666	2.1444149496733775	2.1356183815580563	2.126860846601413	2.1181447727044542	2.1094744191209864	2.100855842648004	2.0922961994850335	2.083802985637891	2.0753834704162375	2.067044311019303	2.058791381574316	2.05062963956069	2.0425627436757248	2.0345924829408464	2.0267183088174283	2.018937178107841	2.011243731229839	2.0036306457395154	1.9960889604364862	1.9886083060673347	1.981177143846255	1.973783248471531	1.9664147238495415	1.9590615082322116	1.9517167570768061	1.9443775233152683	1.9370447398806632	1.9297228144134921	1.922419083917059	1.9151432738422098	1.9079069664389006	1.9007229766679758	1.8936046002894829	1.8865648238906993	1.879615628769449	1.8727674974656572	1.8660291772185507	1.8594076534751531	1.8529081701889736	1.8465341249593732	1.8402868272352293	1.8341652848612484	1.8281661956728512	1.8222842060184794	1.8165124052087518	1.8108429930878243	1.8052680423802219	1.7997802618752856	1.7943736681357816	1.7890440966145853	1.7837895139953006	1.778610120355309	1.7735082490013745	1.7684880843021122	1.7635552255806737	1.7587161307050172	1.7539774783535873	1.7493454931676151	1.7448252816539291	1.7404202271425473	1.736131488737521	1.7319576423911562	1.7278944924332982	1.7239350692345163	1.7200698138036792	1.7162869353074663	1.7125729162111705	1.7089131338465668	1.7052925648365704	1.7016965361047416	1.6981114816182983	1.6945256599359322	1.6909297878167484	1.687317551505208	1.6836859688436898	1.6800355888030676	1.676370526232875	1.672698335819861	1.6690297308509283	1.6653781528935037	1.6617592019730147	1.6581899450132696	1.6546881317248698
0.2617993877991494	1.413430325566659	1.413379733218758	1.4133018293433404	1.4132034699651075	1.4130916474214077	1.4129720811240325	1.412847791490841	1.412717859905067	1.4125765499625058	1.4124129130357812	1.412210933368347	1.411950195547636	1.4116069913262068	1.411155732526879	1.4105705081134001	1.4098266184624957	1.4089019366577902	1.40777798040302	1.406440622208042	1.4048804125871257	1.4030925345625378	1.4010764428104672	1.398835264398195	1.3963750494074776	1.3937039597619147	1.3908314754655304	1.3877676820562135	1.384522684326083	1.3811061718987219	1.3775271441592496	1.3737937867307566	1.3699134799694572	1.3658929120637275	1.3617382651161827	1.357455441639476	1.3530503006314398	1.3485288761842749	1.343897556808981	1.3391632097567427	1.334333241099833	1.3294155887704517	1.324418651777534	1.319351164102045	1.3142220260157547	1.3090401085545182	1.3038140483524638	1.29855205001384	1.2932617116176823	1.287949886008728	1.2826225865808993	1.2772849417035501	1.2719411973020134	1.2665947627667467	1.2612482921302193	1.25590379014861	1.250562732075514	1.2452261860677956	1.239894928690655	1.234569545847165	1.2292505148565538	1.2239382664862903	1.2186332257494707	1.2133358350524857	1.2080465585910916	1.2027658757911093	1.1974942603470944	1.1922321742041302	1.1869800660929095	1.1817382922567516	1.1765071186913763	1.171286698292945	1.1660770464106176	1.1608780672147232	1.1556895396806734	1.1505111472493412	1.1453425076615047	1.1401831933995399	1.1350327634593835	1.1298908193515016	1.1247570639222522	1.1196313570253895	1.1145137602501474	1.1094045771755368	1.1043043829485493	1.0992140381218318	1.0941346840779016	1.0890677196750342	1.084014761315813	1.0789775906523016	1.073958094531588	1.0689582007774292	1.0639798123118007	1.0590247433888154	1.054094692451986	1.049191384501368	1.0443164433893408	1.0394711300028634	1.0346566366903311	1.0298743748071197	1.0251259527908048	1.0204126899228922	1.0157357561323963	1.0110962030295734	1.0064949710396158	1.0019328682690842	0.9974104472100567	0.9929280092600967	0.9884859787756861	0.9840851766532559	0.9797271849166944	0.9754134583915449	0.9711431333512786	0.9669175487841806	0.9627384665478828	0.9586074332587329	0.954524462973338	0.9504891059280071	0.9465005285788627	0.9425575636109293	0.9386585298375324	0.9348010493029887	0.9309819865328421	0.9271975132420147	0.9234431694315997	0.9197140856120521	0.9160055181818891	0.9123133522047702	0.9086342692732305	0.9049657293821873	0.9013059427637283	0.8976537708061276	0.8940085259772049	0.8903698063297245	0.8867374654619766	0.8831116503458185	0.8794927912634318	0.8758815121952519	0.8722784851174694	0.8686842505730692	0.8650990595742865	0.8615228814685438	0.8579556694387744	0.8543976715382559	0.8508494576372978	0.8473116342171092	0.8437845207732861	0.8402680436884773	0.8367618603898772	0.8332655644224841	0.8297788548063292	0.8263016395194951	0.8228340859091205	0.8193766410572539	0.8159300483320131	0.812495386231558	0.80907413958063	0.8056682743692822	0.802280252703099	0.7989129351083695	0.7955693741124831	0.7922525603113075	0.7889651987400653	0.7857095659358526	0.7824874553028118	0.7793001902931647	0.7761486791464562	0.7730334910341161	0.7699549409168223	0.7669131762716702	0.763908263386082	0.76094027343698	0.7580093679197031	0.755115879633096	0.752260381610728	0.7494437344538413	0.746667103457741	0.7439319402946198	0.7412399287315254	0.7385928988075703	0.7359927180939259	0.7334411712125037	0.7309398389687578	0.7284899861688559	0.7260924635083665	0.7237476258671884	0.7214552686205475	0.7192145851264129	0.7170241505227196	0.7148819371574566	0.7127853644479352	0.7107313816315386	0.7087165777484842	0.7067373110167873	0.7047898499076959	0.7028705197110565	0.7009758496400328	0.6991027154679459	0.6972484712895892	0.6954110622290522	0.6935891091071741
0.5235987755982988	0.04730208742129452	0.04702518628580751	0.04658019027128388	0.04599098094364695	0.04528864159791621	0.04450917840416671	0.043691012858264044	0.042872499261718794	0.04208969957745157	0.04137459869713905	0.04075387493741142	0.040248264700911474	0.03987248812187655	0.03963564387141741	0.039541942685129366	0.03959163328521004	0.039781980062660316	0.04010817490599736	0.040564099695277606	0.04114289437584029	0.04183732192550235	0.04263995116579611	0.04354319844634194	0.04453927896893192	0.04562011883599143	0.046777271905358436	0.04800187388621138	0.049284652527267464	0.05061599955568907	0.0519860989278258	0.05338509795005811	0.05480330325824412	0.05623138231226249	0.057660552403553916	0.059082742424099444	0.060490716990972554	0.061878157215756596	0.0632396968543916	0.06457091635916876	0.06586830025881132	0.06712916525528892	0.06835156750294197	0.06953419784430567	0.07067627344849048	0.07177743345937748	0.07283764497648293	0.07385712407369976	0.07483627466650875	0.0757756459828017	0.07667590734215249	0.07753783709196987	0.07836232108601851	0.07915035523243802	0.07990304662257908	0.08062160821265721	0.08130734368836065	0.08196162080251851	0.08258583377732448	0.08318135740714777	0.08374949701381942	0.08429143971770905	0.08480821261020005	0.08530065386956995	0.08576939473343254	0.08621487033092773	0.08663733437793136	0.08703690374747802	0.0874135787486722	0.08776734294829666	0.08809819097510635	0.08840618311335835	0.08869148592082779	0.08895440759299375	0.0891954039634239	0.0894150721958607	0.08961412407341052	0.08979336199494939	0.08995365109942513	0.0900958684501868	0.09022085588023471	0.09032937641928387	0.09042207407321198	0.09049944232284232	0.09056180256931015	0.09060929322203401	0.0906418696581337	0.09065931461160487	0.09066125797032515	0.09064720442801161	0.09061656755415129	0.09056870949182502	0.09050298538492021	0.09041879085467214	0.09031561537290556	0.09019310526197374	0.09005105824125284	0.08988939728635062	0.08970799077263014	0.08950683064465303	0.0892862025613636	0.08904656189649002	0.08878849980801429	0.08851269252498098	0.08821988586063614	0.08791091156303726	0.08758666965261239	0.08724800060135662	0.08689555986327871	0.08652990591389823	0.0861517587599582	0.08576204542484847	0.08536117881423338	0.08494893794221936	0.08452556587594812	0.08409200258499067	0.0836488707941205	0.0831965940244099	0.0827355925969381	0.08226636057394596	0.08178943537471231	0.08130538729029849	0.08081479914752698	0.0803182823082221	0.07981648549694448	0.07930999611298661	0.07879923056695734	0.07828442575502886	0.07776567668562269	0.0772429677065771	0.0767162296919929	0.07618541997526315	0.07565056138029633	0.0751117297375833	0.07456903885694174	0.07402264754390113	0.07347277762227426	0.07291973364249384	0.07236391889036663	0.07180582692014978	0.0712459711032988	0.07068474618433528	0.07012231453764622	0.0695586413799698	0.06899364704744826	0.06842731160424827	0.06785966371995752	0.0672907295098616	0.06672051401992925	0.06614901888359716	0.0655762736444118	0.06500236456863341	0.0644274519274952	0.06385176955336654	0.06327560441469304	0.06269926423970457	0.062123055075627265	0.061547291925894254	0.060972340903205705	0.06039865918105977	0.05982679639606037	0.05925735150522213	0.05869090793401144	0.05812797314631636	0.05756893500658121	0.05701403525102629	0.056463356935433195	0.05591682381828611	0.0553742105159689	0.05483516194002443	0.054299220101606274	0.05376585652043073	0.053234508791643376	0.05270461971655821	0.052175676786177516	0.05164724924856656	0.0511190199511664	0.050590809661043665	0.05006259235728046	0.04953450079520623	0.049006822399824845	0.04847998635290379	0.047954543622099194	0.047431142380205044	0.046910501306602556	0.046393382440892486	0.04588056406463492	0.04537281347578495	0.04487086001579918	0.044375369835623804	0.04388692461149585	0.04340600609134458	0.0429329871451611	0.04246812863280214	0.042011580603471585	0.04156338641438015	0.04112348911213766	0.04069174031978384	0.040267912348291135	0.03985171403669312	0.03944281007472207
0.7853981633974483	0.41939924147458885	0.4187319560312651	0.4176393364103861	0.4161478461053367	0.414291075285914	0.41210728922471773	0.40963676037834307	0.4069191629359351	0.40399128597318257	0.40088526780127426	0.39762747911327234	0.39423809805332183	0.3907313387084187	0.3871162264680229	0.383397766767122	0.37957833147381215	0.3756590890993662	0.3716413271874531	0.3675275514985344	0.36332228983364623	0.35903257176394876	0.3546680936870124	0.35024110793073604	0.3457660934877221	0.34125927457542754	0.3367380530743328	0.33222041423752163	0.32772435434807135	0.32326736648797705	0.31886600808162047	0.31453556263134885	0.31028979876329554	0.30614082257768627	0.30209901424881025	0.29817303655220095	0.2943699011464914	0.29069507766331537	0.2871526306995552	0.2837453705025101	0.28047500442049533	0.2773422780421846	0.2743470973532121	0.2714886261365137	0.2687653560901389	0.2661751504919585	0.26371526540415885	0.2613823550346604	0.25917246964457036	0.25708105511290513	0.25510296283735207	0.25323247715542746	0.25146336514517326	0.24978895081594338	0.2482022126046188	0.24669590067655742	0.2452626679169365	0.2438952074569563	0.24258638869529617	0.2413293840390359	0.24011777986676547	0.23894566648922494	0.237807703024047	0.23669915446684847	0.2356159066228592	0.23455444299486491	0.23351181530420573	0.2324855795273547	0.23147376093069674	0.2304747178933086	0.22948708955728736	0.2285097165712141	0.2275415629530681	0.22658166248331246	0.22562907871241705	0.22468288729102548	0.2237421847810611	0.2228060973214645	0.22187379631078935	0.22094455056357065	0.22001778047353748	0.21909311358787792	0.21817043624832916	0.21724993539194803	0.21633212667907692	0.21541786530880325	0.21450833761568797	0.21360503342965545	0.2127097010003597	0.21182428794480818	0.2109508720430352	0.21009158485884413	0.20924853111137673	0.20842370776327168	0.20761892492998352	0.20683573793605645	0.20607542884985133	0.20533907894689693	0.20462775060430954	0.20394220611217384	0.20328272278009946	0.20264929473724283	0.202041734779226	0.2014596749389944	0.20090254738763635	0.20036956160060287	0.1998597160259181	0.19937196476953103	0.19890539877094945	0.19845911821365586	0.19803195551780184	0.19762235322595462	0.1972293760862986	0.1968531866596753	0.19649219012878097	0.1961440865926673	0.19580737351897473	0.19548047567646787	0.19516153006789486	0.19484855084089858	0.19453943515936412	0.19423195240465452	0.19392377840155764	0.19361247970711726	0.19329552225287291	0.19297044998959645	0.19263506769758604	0.192287483296337	0.19192609350534842	0.19154955649741112	0.19115670653135824	0.19074643781489609	0.19031764876801077	0.18986925288103446	0.18940020484691827	0.18890951204807327	0.18839622143210938	0.18785938967087412	0.18729805987549508	0.18671128320746672	0.18609823725192776	0.18545844309114118	0.184791941516233	0.18409926446745142	0.18338128087864	0.1826391324304154	0.18187428907429576	0.18108861087325995	0.180284355847053	0.17946414229754404	0.17863088511679626	0.17778772066338128	0.17693793307727745	0.17608489412076384	0.17523202407637686	0.17438276691450183	0.17354055294589465	0.17270871991899983	0.1718903971578375	0.17108839745227772	0.1703051576384674	0.1695427287019241	0.16880279288549047	0.16808669438504906	0.16739548357781997	0.1667299746045231	0.16609081002538761	0.16547852392053822	0.16489359674157877	0.16433649806287648	0.16380771506159242	0.16330776506613215	0.16283719079956488	0.16239653769569107	0.1619863138533014	0.16160693445019308	0.16125865356858263	0.1609414874797425	0.16065513463448763	0.16039889881390718	0.16017162271669563	0.15997163918675283	0.15979674607200203	0.15964420871249407	0.15951079214350383	0.15939282387321804	0.15928628713430854	0.15918694267375044	0.15909047391368686	0.15899264658759407	0.15888947133212433	0.15877735721296957	0.15865324570600017	0.15851471740570708	0.1583600666397978	0.1581883414467252	0.15799934785698336	0.15779361857130525	0.15757234759756364	0.15733729445640954	0.15709066385621015
1.0471975511965976	0.1898576566786007	0.18966914671629054	0.18936926363511455	0.1889784108651241	0.1885227559936158	0.18803200656302196	0.18753698698955887	0.18706727802360892	0.1866491561351118	0.18630401653200176	0.18604738991868947	0.18588858172092132	0.18583088573223738	0.18587226253397687	0.18600633375462136	0.18622352917428586	0.18651223351355295	0.18685980863623652	0.18725340775793345	0.18768054322553585	0.1881294112716667	0.18858901029042782	0.18904911035408914	0.18950014002555768	0.18993305324849075	0.19033922695468214	0.19071042255005607	0.19103882526080787	0.19131715761310739	0.19153884942205504	0.19169823791220106	0.19179076832219946	0.19181316705236098	0.19176356497581587	0.1916415564914029	0.1914481887167905	0.19118588352914345	0.19085830190946595	0.1904701646068464	0.19002704531604028	0.1895351525428607	0.1890011145784516	0.1884317791210689	0.18783403568953663	0.18721466560109057	0.18658022128460772	0.18593693429603683	0.18529064961527145	0.1846467825824682	0.18401029407897762	0.18338567917364734	0.18277696435504318	0.18218770872725087	0.1816210050288367	0.1810794771011847	0.18056527161936686	0.18008004319474522	0.1796249334551615	0.17920054612358755	0.17880692106660032	0.17844351151598117	0.17810916889472067	0.1778021402255093	0.1775200763228169	0.17726006722474089	0.17701868520514355	0.17679206017738208	0.17657592983578754	0.17636577579270005	0.17615691543807482	0.17594460436940512	0.1757241416012846	0.1754909704087157	0.17524076996023968	0.17496952676470257	0.17467359242054042	0.17434973777881882	0.173995191353344	0.17360765577382528	0.17318530966242762	0.17272679957815576	0.17223122322179737	0.17169810565475285	0.17112737144990323	0.17051931506383128	0.16987457144682566	0.16919408843323344	0.16847910183168488	0.16773111353606	0.16695187298256176	0.16614336266058327	0.16530778789826617	0.16444756996689136	0.1635653439374353	0.16266394650675195	0.16174629264806584	0.16081531204819396	0.15987412310590488	0.15892607395234792	0.15797457481310181	0.15702300601319888	0.15607472476198633	0.155133022941151	0.1542010824739205	0.15328195286421753	0.15237849157079253	0.1514932436989612	0.15062839912096088	0.1497858584915888	0.14896731875155295	0.1481739296597542	0.14740539268050556	0.14666163989074604	0.1459441685033505	0.14525283971863817	0.1445871290340469	0.14394642204370364	0.14332971697881566	0.14273576497013957	0.14216310633713014	0.14161008963829533	0.14107492118308623	0.1405557239382967	0.14005050613706918	0.13955707723150967	0.1390730626131929	0.1385959743723656	0.13812326303473169	0.13765237402170263	0.13718082328128386	0.1367062447342979	0.1362263934088539	0.13573914980365717	0.1352425538704041	0.13473485015133324	0.13421451892449598	0.13368029007905907	0.13313114433756604	0.13256629634811898	0.13198515528021862	0.1313872968063912	0.1307725054812418	0.13014086060715266	0.1294927498720946	0.12882879327636707	0.12814977372513603	0.12745662188877488	0.12675043208958145	0.12603248207177034	0.12530424544833846	0.12456739292013777	0.1238237798378575	0.12307541854566319	0.1223244372974231	0.12157303347542092	0.12082343232309457	0.12007785582650574	0.11933849228541439	0.11860745185646439	0.1178867046239216	0.11717801166290988	0.1164828632260715	0.11580243429198735	0.11513756201630078	0.11448874435526762	0.1138561560420295	0.11323967763160377	0.11263893409129307	0.11205334018063366	0.11148215032049731	0.1109245107820862	0.11037951187383613	0.10984623756186054	0.10932380991808281	0.10881142612937278	0.10830838648304097	0.10781411258673902	0.10732815589401132	0.10685019726899117	0.10638003878442538	0.10591758919047517	0.10546284449914121	0.10501586489484818	0.10457674881460213	0.10414560484217598	0.10372252236833353	0.10330754280740743	0.10290063408731177	0.10250167153414191	0.10211042782362752	0.10172657348945696	0.10134968797906105	0.10097927989428525	0.10061481416557203	0.10025574356318917	0.09990154200209514	0.09955173729056443	0.09920594110138214	0.09886387397831703	0.09852538327107722
1.3089969389957472	0.3188455328648832	0.31811618160461574	0.3169234366689745	0.3152994273324375	0.31328573815500627	0.310930609845357	0.30828585938126496	0.305403831099632	0.30233466679147514	0.2991241245776535	0.29581209388486646	0.2924318604574919	0.28901008482938195	0.2855673821099613	0.2821193388829021	0.2786777785561733	0.2752520891189568	0.27185045251563256	0.26848085564709945	0.265151811141036	0.26187276364638046	0.2586541981978427	0.25550749711090176	0.25244460930391854	0.2494776014953954	0.2466181566112473	0.24387707408575623	0.24126381287056176	0.23878610380784654	0.23644964572968144	0.23425789042438097	0.23221191575684152	0.23031038329915762	0.22854957590357222	0.22692351063573304	0.22542412237646997	0.22404151248513077	0.2227642549013568	0.22157974908288747	0.22047460573517197	0.21943504810651857	0.21844730946537044	0.21749800687330212	0.21657447287026296	0.21566503017542263	0.21475919963882045	0.21384783774576857	0.21292320619040986	0.21197898153440498	0.21101021706533168	0.2100132711988624	0.2089857170349921	0.20792624603794077	0.20683457581169015	0.20571136823972103	0.20455816013703923	0.20337730492630032	0.20217192117315932	0.20094584204607904	0.19970355968150158	0.1984501585718822	0.197191233621237	0.19593278969057373	0.19468112930233875	0.19344271245132397	0.1922240176072072	0.19103138165468797	0.1898708864533526	0.18874815728104602	0.1876682502648712	0.1866355355213022	0.18565360150972304	0.18472517797972698	0.18385208840436976	0.18303523517694106	0.18227461312709242	0.1815693317460283	0.18091765511231503	0.1803170744397023	0.1797643960472312	0.1792558368385367	0.1787871261135323	0.1783536099780718	0.17795035440105758	0.1775722434854555	0.1772140703681167	0.17687061913394114	0.17653673711479548	0.17620739774203525	0.17587775410598416	0.17554318288456722	0.175199318611171	0.17484207894330717	0.17446767616743591	0.17407262043666402	0.1736538396438045	0.1732086839113444	0.1727348348520731	0.172230419559443	0.17169417832575468	0.17112527907685593	0.17052336067404472	0.1698885676552487	0.16922153439886697	0.16852335529711931	0.16779559518926324	0.167040378970382	0.16626040840087217	0.16545883910188297	0.1646390284417236	0.16380476977380334	0.1629611930082899	0.16211254955279272	0.1612618498175151	0.16041401856605503	0.15957309450253987	0.15874317624796302	0.15792815032448282	0.15713156096180583	0.15635660113181282	0.15560604229086816	0.1548821832198421	0.15418679533136082	0.1535211382484851	0.1528860391377818	0.1522819425630289	0.15170893988306655	0.1511667767639996	0.15065481989180077	0.15017200013254228	0.14971676995466265	0.14928708669536794	0.14888042176162214	0.1484938057248684	0.14812389890842143	0.14776706239855816	0.14741941999230684	0.14707692180396362	0.14673543294155197	0.1463908699499464	0.14603936825728983	0.14567741845368168	0.14530195226160905	0.14491042016269257	0.1445008598721918	0.14407192986238335	0.14362291742517774	0.14315372842766527	0.14266485186369735	0.14215729784881367	0.1416325182925073	0.14109232359197155	0.1405388070759565	0.13997428347069157	0.13940123749100983	0.13882226851010543	0.13824001906819947	0.1376570914896951	0.13707597089900023	0.1364989696428433	0.13592819547878687	0.13536553853274672	0.1348126727069917	0.134271069457053	0.13374202101696858	0.13322666801864022	0.1327260259117485	0.13224100562303373	0.1317724253031389	0.1313210112444082	0.13088738707098815	0.13047205112786422	0.13007534267863824	0.1296973981819047	0.12933809967039475	0.12899701814842485	0.1286733559282435	0.12836589287705943	0.12807294250487247	0.1277923244447536	0.12752135985747512	0.12725689541278654	0.1269953597721205	0.12673285413327506	0.1264652755925219	0.12618846890838295	0.1258983988870005	0.12559133257212765	0.12526401842751528	0.12491384923679108	0.12453899659132957	0.12413850735524412	0.12371235594906	0.12326145007189092	0.1227875909629266	0.12229339211469947	0.12178216249337626	0.12125776200204993	0.12072443826384036	0.12018665469540168
1.5707963267948966	0.21920590337463364	0.2190355008482876	0.2187647644684133	0.2184122474850354	0.21800132831574914	0.2175579385468397	0.21710811689719245	0.21667567251951825	0.21628021248227491	0.21593572663659644	0.21564983938680937	0.2154237460130738	0.21525276530116622	0.21512737238573343	0.21503453404204642	0.21495915636928775	0.21488547013144377	0.2147982160681794	0.21468354270628554	0.214529583136586	0.2143267261986821	0.21406763496739112	0.2137470876620906	0.21336172243471596	0.21290975991105054	0.21239075971728416	0.2118054442964441	0.2111555998638106	0.2104440443307508	0.20967463810943987	0.20885230706493585	0.20798304725398797	0.20707388710451013	0.20613279227026882	0.20516850923684848	0.20419035375188477	0.203207957726656	0.20223099254364996	0.2012688875914913	0.20033056086675405	0.199424174603282	0.1985569242642915	0.19773486493063286	0.19696277591965672	0.19624406275144668	0.19558069525955046	0.19497318134286634	0.19442057691989534	0.1939205334390932	0.19346938430066873	0.19306227048751834	0.19269330358987535	0.1923557617313436	0.19204231075397704	0.1917452405647352	0.191456704840402	0.19116895184510052	0.19087453517278563	0.19056649545747284	0.1902385069421253	0.18988498703034473	0.18950116986311305	0.18908314869812315	0.1886278877183043	0.18813322439821922	0.18759785355744207	0.1870213086036605	0.18640390414897934	0.18574675889239745	0.18505174589285023	0.18432145409702072	0.18355914893269998	0.18276872204907324	0.18195462027063325	0.18112175674332365	0.18027540854465618	0.17942111239701686	0.17856453925209548	0.17771135690509343	0.1768670908980866	0.17603698715232097	0.17522588012982676	0.17443807246222864	0.17367722958445408	0.1729462922337507	0.17224740881205736	0.17158188861052381	0.17095017603449036	0.17035184558320648	0.1697856174201856	0.16924939340410872	0.16874031312165283	0.16825482913080125	0.16778880340213576	0.16733760285711252	0.16689608009098522	0.16645882126893152	0.16602038139438735	0.16557534171208732	0.16511844228155192	0.16464468635595375	0.1641494783899794	0.16362873939347888	0.16307900317534785	0.16249750040110733	0.1618821821670522	0.16123170555464106	0.1605454869544718	0.15982371691581831	0.15906742647192795	0.15827776270761607	0.1574554936768121	0.15660395555219198	0.1557267172408684	0.15482753042716457	0.1539104675359202	0.152979791019198	0.15203996845825318	0.15109551804422805	0.15015099224675832	0.14921090711744767	0.1482797074221921	0.1473617018244615	0.14646090743532003	0.1455808872767922	0.14472465902033127	0.14389465154274517	0.14309268647712603	0.14231998759650666	0.1415771958496157	0.14086436103549654	0.14018091747515898	0.13952567371105795	0.13889683813328146	0.13829207720275227	0.1377085873669739	0.13714316982055613	0.13659230821999313	0.13605224994804138	0.1355190969750264	0.1349889284544855	0.13445795625598067	0.13392265594241687	0.13337983308955875	0.1328266551144428	0.13226069119998451	0.13167997456101477	0.13108307484309684	0.13046915917884233	0.12983802742693984	0.12919011736299812	0.12852648054976734	0.12784873179712086	0.12715897832919376	0.12645973745512035	0.1257538488280538	0.12504437873765445	0.12433450898331389	0.1236274101860998	0.12292611167780865	0.12223338513696297	0.12155165571390403	0.1208829478541606	0.120228866338007	0.11959060760915319	0.11896899388249049	0.1183645226768576	0.1177774256007969	0.11720773123952322	0.11665532770063347	0.11612002095193436	0.11560158563157513	0.11509980559793231	0.11461450220521119	0.11414554919274655	0.11369287411333673	0.1132564472790667	0.11283626015405035	0.11243229588908588	0.11204449520547799	0.1116727210143566	0.11131672493392636	0.11097611827617099	0.11065034934913509	0.11033868840526867	0.11004022143242898	0.10975385403828075	0.10947832653054279	0.10921224070489388	0.1089540978782802	0.10870234660252931	0.10845543755018261	0.10821188248094954	0.10797031400981227	0.10772954299092041	0.10748861053185454	0.10724683183942424	0.10700382926206176	0.10675955213173499	0.10651428146063674
1.832595714594046	0.29079762574711915	0.2900512555674837	0.2888329007847361	0.28717960285443195	0.2851398682666271	0.28277045016316843	0.2801327792903334	0.2772893976951405	0.2743007222139541	0.27122239920373853	0.2681034191035753	0.264985054562046	0.26190058486539913	0.25887568601803174	0.25592930968577365	0.2530748496415662	0.25032140026726457	0.2476749424109136	0.2451393387991088	0.24271707443677554	0.24040972784636805	0.2382181995719154	0.23614275101791055	0.23418291845182362	0.23233736562439147	0.23060372758157432	0.2289784823339632	0.2274568704474328	0.22603286873082457	0.22469921504085796	0.2234474773159045	0.22226816049456022	0.22115084828473877	0.2200843807665212	0.21905707162529817	0.21805696906881328	0.21707216163789772	0.2160911244941844	0.215103094411903	0.21409845413475392	0.2130691006237944	0.2120087684297492	0.21091327986871755	0.2097806980745224	0.2086113668219439	0.20740783119333045	0.20617464414437045	0.20491807428613104	0.20364573830908994	0.20236618646878085	0.20108847101321922	0.19982172557054448	0.19857477880958338	0.1973558195364891	0.1961721234290601	0.19502984510541085	0.1939338741015775	0.19288774960944197	0.1918936270353596	0.19095228932790573	0.19006319595526044	0.18922456415622782	0.1884334770510447	0.1876860217866637	0.18697743524984053	0.1863022760478238	0.1856546018374599	0.1850281911405824	0.18441666945246962	0.18381372788217812	0.18321328514778112	0.18260963022273058	0.18199756036696363	0.18137247916397295	0.1807304867926581	0.1800684442214926	0.17938399871732458	0.17867559905718586	0.17794250305241643	0.1771847693828188	0.17640323770144267	0.17559949555625864	0.1747758336987628	0.1739351883686179	0.17308106939855925	0.17221747362454642	0.17134878410306092	0.1704796568810852	0.16961489812204456	0.16875933501207474	0.16791768427635984	0.167094422543416	0.16629366267780793	0.16551903422392295	0.16477357886704289	0.16405977930486954	0.16337936282110302	0.16273337301170562	0.16212221601000412	0.16154554967524648	0.1610023127408603	0.1604907730390211	0.16000856945879746	0.1595527509299833	0.15911982174303513	0.1587058384142302	0.1583065521893514	0.15791749467891722	0.1575340505990595	0.15715133677945395	0.1567648707151574	0.15637109068651187	0.1559645902431855	0.15554163342123614	0.15509838231268297	0.15463190253219233	0.15413969366063585	0.15362002791214746	0.15307183075791417	0.1524947577728467	0.15188917352004722	0.1512561110062241	0.15059722851604646	0.14991479841588998	0.14921170476054604	0.14849142498407814	0.1477579548120852	0.14701567550893468	0.14626918053191004	0.14552308536004366	0.1447818513243021	0.14404963774843904	0.14333017954666344	0.14262668524573854	0.14194175663714692	0.1412773269532818	0.14063461327164517	0.14001408954881386	0.13941549753404256	0.13883791229000966	0.1382798559658646	0.13773943533306846	0.13721448762216196	0.13670271317503502	0.13620177929885718	0.13570940591114747	0.13522344767356825	0.134741974883066	0.13426334001069626	0.13378621761660978	0.13330961840448693	0.1328328851813773	0.13235567777959367	0.13187795003330155	0.13139991629949024	0.13092200190369546	0.13044477684031366	0.12996888148812744	0.12949495557491866	0.12902357526938923	0.12855519863316556	0.12809012255538768	0.1276284582459803	0.127170130384795	0.1267148991671126	0.12626240028889832	0.12581219692824405	0.12536383829488065	0.12491691985360155	0.12447114053637072	0.12402635228296764	0.12358259732759005	0.1231401290746197	0.12269941343804089	0.12226110919659947	0.12182602802046144	0.12139507701329323	0.12096918858787178	0.12054924404637603	0.12013599821004052	0.1197300126955074	0.11933160487763692	0.11894081823862844	0.1185574178366221	0.1181809122517189	0.11781060080993913	0.1174456423940179	0.1170851400001083	0.11672823362981039	0.11637419326119788	0.11602250359736442	0.1156729330812607	0.11532558121059844	0.11498090021935621	0.11463968934945881	0.11430306195652418	0.11397238752053657	0.11364921232597727	0.1133351641447232	0.11303184757009815
2.0943951023931953	0.229286071636967	0.22912181933081444	0.2288605367418217	0.22851928633943677	0.22811917440413182	0.2276830503398363	0.22723306790495454	0.22678841483409837	0.2263634819626908	0.2259666705875786	0.22559994039166575	0.2252590959927424	0.2249347144327805	0.22461354250062415	0.22428015072531451	0.22391862334295293	0.22351408779533938	0.22305393580879984	0.22252865026785731	0.22193221653744172	0.22126215340983119	0.2205192400669708	0.2197070376331918	0.21883130708566526	0.21789941268794694	0.21691977699461223	0.21590142591808145	0.2148536360062984	0.21378567524751177	0.21270661580615421	0.2116251925392517	0.21054968370559843	0.20948779759955258	0.2084465581087983	0.2074321907952868	0.2064500171033027	0.2055043667459968	0.20459851725386696	0.20373466595981427	0.2029139347313995	0.20213640305330363	0.20140116188321	0.20070637981164563	0.2000493745643601	0.19942668629678	0.19883415345296584	0.19826699605545342	0.19771991401532416	0.19718720864635741	0.19666293373260207	0.19614107848920992	0.19561577925121768	0.1950815510016194	0.1945335243949054	0.19396767074776813	0.19338099618591958	0.19277168764632027	0.19213919727065631	0.19148425726098445	0.19080882332969215	0.19011595192623568	0.18940962102839048	0.1886945090227001	0.187975742115581	0.18725864211309431	0.18654847001603783	0.18585019183524193	0.18516823343227154	0.18450635651260658	0.18386748095379796	0.18325358729114627	0.18266564192422544	0.18210357318863407	0.18156627245620965	0.18105162943503633	0.18055660845732346	0.18007737212729022	0.1796094142236553	0.1791477217041347	0.17868695649164124	0.17822164909295538	0.17774639495296743	0.17725604683627239	0.1767458944124455	0.17621182325180862	0.1756504467807925	0.17505920627359753	0.1744364357548838	0.17378139088651876	0.1730942431431925	0.17237604239053844	0.1716286523812679	0.1708546647274749	0.17005729976563208	0.16924027109563264	0.16840750552509037	0.16756320361312596	0.16671175878802402	0.16585759733395294	0.1650050957975913	0.16415838312277106	0.16332125000313283	0.16249707154292292	0.16168873361719888	0.16089857163041943	0.16012829175941756	0.1593789211881335	0.15865085420682146	0.15794382775679142	0.15725701623177812	0.15658834740630193	0.1559344420751	0.15529372404670377	0.1546629734507518	0.1540391474168401	0.15341878731925174	0.15279825090642887	0.1521739979620039	0.15154256126357163	0.15090072393595055	0.15024563558884477	0.14957496135653076	0.14888696923416642	0.1481805055165731	0.14745497117999884	0.14671033428709795	0.14594714389170577	0.14516654124760084	0.14437027474531136	0.1435606744838688	0.14274055454176796	0.14191307416829935	0.14108159646401033	0.14024955927539576	0.13942035751690496	0.13859723017651648	0.137783149958341	0.136980721790709	0.13619209944869973	0.13541893675286978	0.1346623979257425	0.1339232174763863	0.1332017513991298	0.13249799933390213	0.1318116296536003	0.13114203001626945	0.13048839177603022	0.12984982169623535	0.12922545671955218	0.128614560021235	0.12801659032330212	0.12743124406629622	0.12685847230926967	0.1262984761262492	0.12575168487136978	0.1252187178572916	0.12470032404008827	0.12419729543977846	0.12371036054819677	0.12324007284046011	0.12278671013434873	0.1223501976039232	0.12193006355997528	0.12152543158471248	0.12113504678395465	0.12075733056583535	0.12039045759293739	0.12003244875587281	0.11968127415229575	0.11933496002470877	0.11899169353346742	0.11864991917483511	0.11830842071681824	0.11796638295729674	0.11762342862390121	0.11727962736557451	0.11693547587619445	0.11659185048980175	0.11624993582170295	0.1159111349298838	0.11557696778630164	0.11524896540565922	0.11492856679165275	0.11461702517483774	0.11431532916202762	0.11402414350043412	0.11374377295461514	0.113474151035425	0.11321485306841692	0.11296513076477523	0.11272396359333225	0.11249012124284546	0.11226223142884047	0.11203884805992492	0.11181851596356804	0.11159982960302875	0.11138148425420955	0.11116231887836123	0.11094135045280396	0.11071779986120052
2.356194490192345	0.2801226104490989	0.2793699493650979	0.2781433123129013	0.2764836744304943	0.27444500374336644	0.27209060865940987	0.2694890707379979	0.2667101612467	0.26382111023709265	0.2608835230168556	0.2579511348162813	0.2550684776608978	0.25227042196295624	0.24958246454405658	0.24702157516187567	0.24459738937634407	0.24231354474076378	0.24016899267690794	0.23815916959435712	0.23627696649737534	0.23451348635651306	0.23285861563506471	0.2313014570113376	0.2298306747469759	0.228434795603753	0.22710249186973447	0.22582285459972817	0.22458564955584928	0.22338153888342266	0.22220224957143425	0.2210406745563815	0.21989090176671697	0.2187481775146253	0.2176088204422399	0.21647010838009675	0.21533016171356728	0.2141878431470467	0.21304268618409522	0.2118948550518055	0.21074512934260642	0.209594899306951	0.20844615391638033	0.20730144412543888	0.206163807921398	0.20503665072665458	0.2039235830419701	0.20282822517302698	0.20175399505717048	0.20070389855010187	0.1996803416661722	0.19868498140615876	0.19771862677088559	0.1967811951861127	0.19587172360483526	0.194988428153077	0.19412880282406594	0.19328974617728775	0.1924677053098479	0.19165882798831607	0.1908591164656659	0.19006457803114596	0.18927136987357743	0.18847593544257157	0.1876751381278212	0.186866366607557	0.1860476404654216	0.18521768147709375	0.18437600579976476	0.1835228768705512	0.18265934112351628	0.18178716632218986	0.18090876076097115	0.18002706272651972	0.17914540227282183	0.1782673585006507	0.17739660489404582	0.17653673853072255	0.17569113736534653	0.17486283598890973	0.1740544244569438	0.1732679705996044	0.17250496640526777	0.17176629829214088	0.1710522386384844	0.1703624556062317	0.16969603855341328	0.16905153698353284	0.16842701177087938	0.16782009793491612	0.16722807824932742	0.16664796659220896	0.16607659944817604	0.1655107330240448	0.16494713658369906	0.16438268789278815	0.16381459956651678	0.16324035305233847	0.16265780757356108	0.16206536489730397	0.16146203159366987	0.16084736535019076	0.16022148565549174	0.1595850534384155	0.15893921200200303	0.15828550908013636	0.15762584362468363	0.15696242400789573	0.15629765962190229	0.15563407303721633	0.15497401153619159	0.15432005116696854	0.15367522876007025	0.15304038198025904	0.15241707295366583	0.1518065961291903	0.1512095474633272	0.15062608315670994	0.15005594529868216	0.14949836526480192	0.1489521363694444	0.14841563683537046	0.14788686317349276	0.1473634960184681	0.14684303354246414	0.1463229340800278	0.1458007551475695	0.14527428017749536	0.14474159396126332	0.14420110167500325	0.14365153373393028	0.14309196673563981	0.14252184360406392	0.1419409814153816	0.1413495720975563	0.1407481726225132	0.1401376754617942	0.13951925738474266	0.13889431685226908	0.13826441927077535	0.13763126743667414	0.13699669355827268	0.1363626599574863	0.13573127100815818	0.13510477824228023	0.1344855443912993	0.13387597467154294	0.13327845280446704	0.13269529719481318	0.1321287240825947	0.13158080386168844	0.13105341032194429	0.13054816911049885	0.13006641074386752	0.129609130082107	0.12917694961296125	0.12877008101490472	0.1283882824633096	0.12803081570661026	0.12769641006776053	0.12738324028049505	0.12708892578261907	0.1268105593325904	0.12654476940557552	0.12628781506496645	0.12603570725814597	0.12578434830607949	0.12552968107019902	0.12526783962143864	0.12499529361421327	0.12470897899959785	0.12440640828687774	0.12408575432748263	0.12374590270409339	0.12338646947072812	0.12300778322514493	0.12261083302884423	0.12219718612361091	0.12176888142078668	0.1213283062116147	0.12087806441202431	0.12042084489250707	0.11995929805467109	0.11949592784052297	0.1190330048756055	0.11857250456707695	0.1181160718935402	0.1176650126076579	0.11722030885772484	0.11678265588059632	0.11635251536538278	0.11593018031969271	0.1155158458536693	0.11510968025026429	0.1147118909007349	0.11432278000382012	0.11394278533146612	0.11357250199300166	0.11321268217264745	0.1128642113606713	0.11252806156310428
2.6179938779914944	0.23328467238227488	0.2331228246387527	0.2328650104509589	0.23252727491243885	0.23212918191713003	0.23169151233625504	0.2312338582395262	0.23077243604738626	0.23031839941537885	0.2298768505302376	0.2294466411814314	0.2290209407217198	0.22858844515057175	0.22813502519936638	0.22764557105367353	0.22710579000821174	0.22650374702695647	0.22583099763473638	0.22508323538702432	0.22426044930696004	0.22336664883209564	0.22240925716221793	0.22139829500898758	0.2203454765113381	0.21926332186252562	0.21816436344949205	0.2170604910164661	0.21596245264264405	0.21487950641318504	0.21381920449452763	0.21278728661104454	0.21178766168158958	0.2108224617217363	0.2098921580764149	0.2089957342535831	0.20813091076359616	0.2072944152871126	0.20648228707020247	0.205690199204447	0.20491377810518532	0.20414889750422863	0.2033919254762901	0.20263990750649888	0.2018906757178497	0.20114288289774845	0.20039596837883944	0.19965006973928429	0.19890589857914967	0.19816459978413167	0.19742761179152427	0.19669654106880458	0.19597305829493858	0.19525881806690565	0.19455539867795063	0.19386425574253288	0.19318668213486653	0.19252376778270047	0.19187635549471632	0.19124499235807862	0.19062987933116396	0.19003082500136562	0.18944721006059623	0.18887796979048418	0.188321593459007	0.18777616251874507	0.1872393991684913	0.18670874751713468	0.18618142822880548	0.18565459733647702	0.18512540949464334	0.18459111900081676	0.18404916471105262	0.1834972411272299	0.18293335456817877	0.18235585885991623	0.18176349012690224	0.1811554111969482	0.1805312170317588	0.17989094109565756	0.17923505388740452	0.17856445133798884	0.17788043117308108	0.1771846559440047	0.176479101342125	0.17576598946550756	0.17504770814623316	0.17432671879981282	0.17360545649099574	0.17288622710913165	0.1721711074311855	0.17146185403424616	0.170759826539119	0.1700659299227127	0.16938058237095543	0.1687036826843524	0.16803445438978418	0.16737165664342876	0.16671377184459035	0.1660589842684979	0.16540518739308435	0.16475005857460917	0.16409118198575745	0.16342615234376293	0.16275267087544112	0.16206864023820827	0.16137221900588208	0.16066188125223158	0.159936542940092	0.15919557497031891	0.15843889735952868	0.1576663123169885	0.15687730681805828	0.15607369226714196	0.15525714186182887	0.15442967290401044	0.1535934752373355	0.15275091155943224	0.15190448026443873	0.1510566591180076	0.15020988605702654	0.14936649817251643	0.14852872899467973	0.1476986750426059	0.14687816830125383	0.1460686773677452	0.14527129871165936	0.1444867829332297	0.14371557972750443	0.142957915522581	0.14221385895004554	0.14148333156838322	0.14076609648907146	0.14006177057766755	0.1393698667500529	0.1386898473993749	0.13802117001158004	0.13736331863326262	0.13671582412200206	0.1360782779387343	0.13545035194530367	0.13483184775904633	0.13422276900732918	0.1336233554057759	0.13303404836347799	0.13245543005700905	0.1318881805292093	0.13133306415633011	0.13079093416713872	0.1302627351752378	0.12974949034872757	0.12925227181285825	0.12877215808574	0.12831018283723894	0.12786727998619532	0.12744423016817913	0.12704160918896745	0.12665973131488306	0.12629857863028532	0.1259577176961538	0.12563621685453774	0.1253325811935167	0.1250447184786159	0.12476994333573267	0.12450502119428018	0.12424624930894827	0.12398957010863171	0.12373071135396865	0.12346534695487228	0.12318927135644468	0.1228985792362453	0.12258984104013909	0.12226026388361655	0.12190782700942868	0.12153138175391032	0.12113070796923667	0.12070652186876675	0.12026043393142473	0.11979485943342168	0.11931288799227986	0.11881812179437962	0.11831449450113227	0.11780608385646393	0.11729693068370012	0.11679087556028149	0.11629142249243975	0.115801636693555	0.11532408101490346	0.11486079246110828	0.114413296624736	0.11398265431060164	0.11356953179317593	0.11317428461000052	0.11279704471569604	0.11243780197356094	0.11209647286771124	0.11177295151127163	0.11146714022667722	0.11117895909468997	0.11090833588661443	0.1106551796268289
2.8797932657906435	0.27615752447010367	0.2754025948143045	0.274173413463746	0.2725131532771917	0.2704787939598986	0.26813718673818054	0.2655606665439094	0.2628226408497407	0.25999355199000085	0.2571375302010459	0.25430994289041386	0.2515559208524728	0.24890982371252346	0.24639551124361891	0.24402722527129395	0.24181086271720986	0.2397454311969437	0.23782451626562895	0.2360376424002315	0.2343714658932361	0.23281078643081898	0.23133939805119308	0.22994081646953368	0.22859891957349177	0.2272985255872958	0.22602591508006453	0.22476928494570658	0.22351910981121936	0.22226838204471155	0.22101270621901137	0.21975023594196064	0.21848145727492985	0.21720883978670846	0.21593639016011845	0.2146691516887843	0.21341269485152425	0.21217263973878664	0.2109542419106174	0.2097620614816159	0.20859972321689024	0.2074697652132942	0.2063735666684159	0.2053113417835326	0.2042821866632647	0.20328416818574324	0.20231444697868184	0.20136942953064885	0.20044494617532038	0.19953645169100975	0.1986392436214478	0.19774869065228196	0.19686046034914917	0.1959707329221675	0.19507638689959572	0.19417514301113836	0.19326565554882336	0.1923475446934324	0.19142136864785864	0.19048853995826254	0.18955119557609335	0.18861203303249363	0.18767412756328195	0.18674074373112992	0.1858151621137224	0.18490050677357284	0.1839996154416612	0.18311492146677932	0.1822484084289594	0.1814014859053974	0.1805750004251609	0.17976920956179965	0.17898378526561493	0.17821784151241737	0.17746997289704242	0.17673832469960304	0.1760206755280429	0.1753145149551476	0.17461715861530158	0.17392587475988797	0.1732380116961475	0.17255112152886976	0.17186307137081014	0.17117213548329224	0.17047706206420654	0.16977711049142463	0.16907205766330297	0.16836217497362804	0.16764818001421028	0.16693116888956827	0.16621253575464318	0.1654938860082123	0.16477694888978284	0.16406349376282042	0.16335524694956366	0.16265381871457352	0.16196076479590155	0.16127739478368397	0.16060477099015924	0.15994379405220233	0.15929516153723422	0.15865929543517504	0.15803635771887475	0.15742624724298115	0.15682858400964395	0.15624270285438785	0.15566769105257977	0.15510246031819586	0.15454577485546034	0.15399628592351777	0.15345237646873072	0.15291261887903385	0.15237621508592003	0.1518410655652615	0.1513056584382494	0.1507687446400558	0.15022918581802086	0.14968601612909327	0.14913848801671514	0.1485860397988356	0.1480283308548137	0.14746521909027843	0.14689672453548247	0.1463229966552962	0.1457443411858772	0.1451612645886894	0.14457449589102428	0.1439849828919959	0.1433938511609818	0.1428023216535887	0.1422116265358465	0.14162295863039825	0.14103744206812052	0.14045611041514272	0.13987989806735457	0.13930964338847995	0.13874609000739002	0.13818987989296438	0.13764154575609128	0.13710151921477481	0.13657016998617372	0.13604786908214567	0.13553505099748037	0.13503226466355966	0.13454020360347335	0.134059697863381	0.13359167376848585	0.13313710591742467	0.132696971377183	0.13227219627278564	0.13186358665488768	0.1314717480894374	0.13109700439358823	0.13073932510611563	0.13039826737761134	0.1300729316176275	0.12976192552980415	0.12946333525595632	0.12917471303226163	0.12889309499584584	0.12861505622921932	0.128336802589418	0.1280542962796637	0.12776341046007827	0.1274601041852676	0.1271406047369203	0.12680158283945214	0.12644030753599905	0.1260547703082298	0.12564377123363613	0.12520696315402235	0.12474485282495695	0.12425876069811587	0.12375074329989955	0.1232234841553651	0.12268016087552092	0.12212429723932844	0.12155960964733831	0.12098985708050797	0.12041870271400662	0.11984959379184085	0.11928566449835426	0.11872966461068646	0.11818391490959129	0.11765028881272394	0.11713021846945143	0.11662472250415007	0.1161344516641753	0.11565974792691713	0.11520071229169465	0.11475727653626194	0.11432927453613706	0.11391650920735696	0.11351881166295208	0.11313608969996486	0.11276836320368527	0.11241578449493916	0.11207864216593189	0.11175734766780332	0.1114524048676232	0.11116436392234796
3.141592653589793	0.23438684884340066	0.23422565699581455	0.23396874367227483	0.23363179105622423	0.23323381575511193	0.23279487100792662	0.23233365901727998	0.23186538208035756	0.2314001162560504	0.2309419052145576	0.23048866029037107	0.2300328347195495	0.22956273465361687	0.22906425246653805	0.22852276884885647	0.22792497178757465	0.22726037834009016	0.22652240915908162	0.2257089428402379	0.22482235365917425	0.22386910042355224	0.22285897806866029	0.22180416401222547	0.22071818943770483	0.21961494644121782	0.21850781226122162	0.21740893891258217	0.216328726702689	0.2152754774912058	0.2142552098829842	0.21327161325319155	0.21232611837784665	0.21141806646876193	0.21054496265013478	0.20970280218960102	0.2088864570893385	0.20809010714245701	0.20730769442752672	0.20653337514892178	0.20576193946864918	0.20498916984077997	0.20421211196253974	0.20342923958346226	0.20264050411373558	0.20184727080270237	0.2010521535734473	0.2002587689618085	0.1994714349489719	0.19869484236221346	0.1979337251075115	0.1971925514824533	0.19647525317046832	0.19578500266066934	0.19512404393455896	0.19449357754243124	0.19389369812756252	0.1933233815557669	0.19278051869441226	0.192261993363533	0.19176380195474896	0.19128121261479514	0.1908089599448144	0.190341469963208	0.18987309978528555	0.18939840228082683	0.1889123703090141	0.18841067487509133	0.18788982179857316	0.18734736769063054	0.18678197053950085	0.1861934284824005	0.18558263660816787	0.184951497794118	0.18430277091233194	0.18363987496763867	0.18296667912648346	0.18228730591287978	0.18160590057277815	0.18092642063844466	0.18025245381523103	0.1795870642020143	0.17893267040184502	0.17829095881514867	0.1776628322404088	0.17704839280029283	0.17644695767280782	0.17585710553090705	0.1752767510426687	0.1747032443486083	0.1741334919426496	0.1735640946434034	0.1729914974497262	0.17241214544967787	0.17182264281019677	0.17121987908683467	0.17060098300187	0.16996363080857524	0.16930622235184645	0.16862781825515838	0.16792818730301562	0.16720770368974658	0.16646732374867623	0.16570852770217792	0.1649332279110438	0.16414367018998455	0.16334229245202225	0.16253159135516282	0.16171407233930868	0.16089213334354668	0.16006807802912926	0.159243391030488	0.15841845966647816	0.15759496047302024	0.15677395118426274	0.1559561292315499	0.15514181318638065	0.1543310659051318	0.1535237826892082	0.15271970958920833	0.1519185667792855	0.15112012661037189	0.15032434060451716	0.14953142103562433	0.14874179161064782	0.14795601748345188	0.1471747996967907	0.1463989951168313	0.14562963675069207	0.14486795989064916	0.14411539514129434	0.14337349489980888	0.1426438271028302	0.1419278839435133	0.14122702691684008	0.1405424611778474	0.139875219317536	0.1392261454162096	0.13859588209746432	0.1379848639350546	0.13739332578858177	0.13682134721455474	0.13626892915248878	0.1357360451173356	0.13522263162832315	0.1347285479296576	0.1342535462990353	0.1337972736976517	0.13335929965968374	0.13293914840853993	0.13253631891615558	0.13215029051771476	0.13178051716313743	0.131426413206992	0.13108733437602815	0.13076255864291408	0.13045126800072304	0.13015252229425833	0.12986521068332268	0.12958797567476965	0.12931912150926328	0.12905652755479835	0.1287975851448735	0.1285391694604383	0.12827765180414474	0.12800895380942634	0.1277286433952134	0.12743207105127452	0.1271145430952192	0.12677152575164174	0.12639887067530142	0.12599304924200116	0.1255513799920951	0.1250722317105174	0.12455518445958591	0.12400113276748659	0.12341231896661664	0.12279228996574731	0.12214577706085994	0.12147850520196724	0.12079694473376046	0.1201080241560617	0.11941882605449472	0.11873628946004544	0.1180669404494934	0.11741666924939653	0.11679056712022984	0.11619283043197015	0.11562673301541948	0.1150946615464723	0.11459820300805701	0.11413826887943845	0.11371523823649354	0.11332910170084065	0.11297958998084168	0.11266627406759722	0.11238862835305252	0.11214605252517496	0.11193785273620971	0.1117631869707516	0.11162098345896831
3.4033920413889427	0.27615752447010367	0.2754025948143045	0.274173413463746	0.2725131532771917	0.2704787939598986	0.26813718673818054	0.2655606665439094	0.2628226408497407	0.25999355199000085	0.2571375302010459	0.25430994289041386	0.2515559208524728	0.24890982371252346	0.24639551124361891	0.24402722527129395	0.24181086271720986	0.2397454311969437	0.23782451626562895	0.2360376424002315	0.2343714658932361	0.23281078643081898	0.23133939805119308	0.22994081646953368	0.22859891957349177	0.2272985255872958	0.22602591508006453	0.22476928494570658	0.22351910981121936	0.22226838204471155	0.22101270621901137	0.21975023594196064	0.21848145727492985	0.21720883978670846	0.21593639016011845	0.2146691516887843	0.21341269485152425	0.21217263973878664	0.2109542419106174	0.2097620614816159	0.20859972321689024	0.2074697652132942	0.2063735666684159	0.2053113417835326	0.2042821866632647	0.20328416818574324	0.20231444697868184	0.20136942953064885	0.20044494617532038	0.19953645169100975	0.1986392436214478	0.19774869065228196	0.19686046034914917	0.1959707329221675	0.19507638689959572	0.19417514301113836	0.19326565554882336	0.1923475446934324	0.19142136864785864	0.19048853995826254	0.18955119557609335	0.18861203303249363	0.18767412756328195	0.18674074373112992	0.1858151621137224	0.18490050677357284	0.1839996154416612	0.18311492146677932	0.1822484084289594	0.1814014859053974	0.1805750004251609	0.17976920956179965	0.17898378526561493	0.17821784151241737	0.17746997289704242	0.17673832469960304	0.1760206755280429	0.1753145149551476	0.17461715861530158	0.17392587475988797	0.1732380116961475	0.17255112152886976	0.17186307137081014	0.17117213548329224	0.17047706206420654	0.16977711049142463	0.16907205766330297	0.16836217497362804	0.16764818001421028	0.16693116888956827	0.16621253575464318	0.1654938860082123	0.16477694888978284	0.16406349376282042	0.16335524694956366	0.16265381871457352	0.16196076479590155	0.16127739478368397	0.16060477099015924	0.15994379405220233	0.15929516153723422	0.15865929543517504	0.15803635771887475	0.15742624724298115	0.15682858400964395	0.15624270285438785	0.15566769105257977	0.15510246031819586	0.15454577485546034	0.15399628592351777	0.15345237646873072	0.15291261887903385	0.15237621508592003	0.1518410655652615	0.1513056584382494	0.1507687446400558	0.15022918581802086	0.14968601612909327	0.14913848801671514	0.1485860397988356	0.1480283308548137	0.14746521909027843	0.14689672453548247	0.1463229966552962	0.1457443411858772	0.1451612645886894	0.14457449589102428	0.1439849828919959	0.1433938511609818	0.1428023216535887	0.1422116265358465	0.14162295863039825	0.14103744206812052	0.14045611041514272	0.13987989806735457	0.13930964338847995	0.13874609000739002	0.13818987989296438	0.13764154575609128	0.13710151921477481	0.13657016998617372	0.13604786908214567	0.13553505099748037	0.13503226466355966	0.13454020360347335	0.134059697863381	0.13359167376848585	0.13313710591742467	0.132696971377183	0.13227219627278564	0.13186358665488768	0.1314717480894374	0.13109700439358823	0.13073932510611563	0.13039826737761134	0.1300729316176275	0.12976192552980415	0.12946333525595632	0.12917471303226163	0.12889309499584584	0.12861505622921932	0.128336802589418	0.1280542962796637	0.12776341046007827	0.1274601041852676	0.1271406047369203	0.12680158283945214	0.12644030753599905	0.1260547703082298	0.12564377123363613	0.12520696315402235	0.12474485282495695	0.12425876069811587	0.12375074329989955	0.1232234841553651	0.12268016087552092	0.12212429723932844	0.12155960964733831	0.12098985708050797	0.12041870271400662	0.11984959379184085	0.11928566449835426	0.11872966461068646	0.11818391490959129	0.11765028881272394	0.11713021846945143	0.11662472250415007	0.1161344516641753	0.11565974792691713	0.11520071229169465	0.11475727653626194	0.11432927453613706	0.11391650920735696	0.11351881166295208	0.11313608969996486	0.11276836320368527	0.11241578449493916	0.11207864216593189	0.11175734766780332	0.1114524048676232	0.11116436392234796
3.665191429188092	0.23328467238227488	0.2331228246387527	0.2328650104509589	0.23252727491243885	0.23212918191713003	0.23169151233625504	0.2312338582395262	0.23077243604738626	0.23031839941537885	0.2298768505302376	0.2294466411814314	0.2290209407217198	0.22858844515057175	0.22813502519936638	0.22764557105367353	0.22710579000821174	0.22650374702695647	0.22583099763473638	0.22508323538702432	0.22426044930696004	0.22336664883209564	0.22240925716221793	0.22139829500898758	0.2203454765113381	0.21926332186252562	0.21816436344949205	0.2170604910164661	0.21596245264264405	0.21487950641318504	0.21381920449452763	0.21278728661104454	0.21178766168158958	0.2108224617217363	0.2098921580764149	0.2089957342535831	0.20813091076359616	0.2072944152871126	0.20648228707020247	0.205690199204447	0.20491377810518532	0.20414889750422863	0.2033919254762901	0.20263990750649888	0.2018906757178497	0.20114288289774845	0.20039596837883944	0.19965006973928429	0.19890589857914967	0.19816459978413167	0.19742761179152427	0.19669654106880458	0.19597305829493858	0.19525881806690565	0.19455539867795063	0.19386425574253288	0.19318668213486653	0.19252376778270047	0.19187635549471632	0.19124499235807862	0.19062987933116396	0.19003082500136562	0.18944721006059623	0.18887796979048418	0.188321593459007	0.18777616251874507	0.1872393991684913	0.18670874751713468	0.18618142822880548	0.18565459733647702	0.18512540949464334	0.18459111900081676	0.18404916471105262	0.1834972411272299	0.18293335456817877	0.18235585885991623	0.18176349012690224	0.1811554111969482	0.1805312170317588	0.17989094109565756	0.17923505388740452	0.17856445133798884	0.17788043117308108	0.1771846559440047	0.176479101342125	0.17576598946550756	0.17504770814623316	0.17432671879981282	0.17360545649099574	0.17288622710913165	0.1721711074311855	0.17146185403424616	0.170759826539119	0.1700659299227127	0.16938058237095543	0.1687036826843524	0.16803445438978418	0.16737165664342876	0.16671377184459035	0.1660589842684979	0.16540518739308435	0.16475005857460917	0.16409118198575745	0.16342615234376293	0.16275267087544112	0.16206864023820827	0.16137221900588208	0.16066188125223158	0.159936542940092	0.15919557497031891	0.15843889735952868	0.1576663123169885	0.15687730681805828	0.15607369226714196	0.15525714186182887	0.15442967290401044	0.1535934752373355	0.15275091155943224	0.15190448026443873	0.1510566591180076	0.15020988605702654	0.14936649817251643	0.14852872899467973	0.1476986750426059	0.14687816830125383	0.1460686773677452	0.14527129871165936	0.1444867829332297	0.14371557972750443	0.142957915522581	0.14221385895004554	0.14148333156838322	0.14076609648907146	0.14006177057766755	0.1393698667500529	0.1386898473993749	0.13802117001158004	0.13736331863326262	0.13671582412200206	0.1360782779387343	0.13545035194530367	0.13483184775904633	0.13422276900732918	0.1336233554057759	0.13303404836347799	0.13245543005700905	0.1318881805292093	0.13133306415633011	0.13079093416713872	0.1302627351752378	0.12974949034872757	0.12925227181285825	0.12877215808574	0.12831018283723894	0.12786727998619532	0.12744423016817913	0.12704160918896745	0.12665973131488306	0.12629857863028532	0.1259577176961538	0.12563621685453774	0.1253325811935167	0.1250447184786159	0.12476994333573267	0.12450502119428018	0.12424624930894827	0.12398957010863171	0.12373071135396865	0.12346534695487228	0.12318927135644468	0.1228985792362453	0.12258984104013909	0.12226026388361655	0.12190782700942868	0.12153138175391032	0.12113070796923667	0.12070652186876675	0.12026043393142473	0.11979485943342168	0.11931288799227986	0.11881812179437962	0.11831449450113227	0.11780608385646393	0.11729693068370012	0.11679087556028149	0.11629142249243975	0.115801636693555	0.11532408101490346	0.11486079246110828	0.114413296624736	0.11398265431060164	0.11356953179317593	0.11317428461000052	0.11279704471569604	0.11243780197356094	0.11209647286771124	0.11177295151127163	0.11146714022667722	0.11117895909468997	0.11090833588661443	0.1106551796268289
3.9269908169872414	0.2801226104490988	0.27936994936509785	0.27814331231290124	0.27648367443049426	0.27444500374336633	0.2720906086594098	0.26948907073799777	0.2667101612466999	0.26382111023709254	0.2608835230168555	0.2579511348162813	0.25506847766089774	0.2522704219629561	0.24958246454405655	0.24702157516187562	0.244597389376344	0.24231354474076372	0.2401689926769079	0.23815916959435707	0.2362769664973753	0.234513486356513	0.23285861563506466	0.23130145701133756	0.22983067474697588	0.22843479560375293	0.22710249186973444	0.22582285459972812	0.22458564955584925	0.2233815388834226	0.2222022495714342	0.22104067455638146	0.2198909017667169	0.21874817751462527	0.21760882044223986	0.21647010838009673	0.21533016171356723	0.21418784314704664	0.21304268618409516	0.21189485505180544	0.21074512934260636	0.20959489930695094	0.20844615391638027	0.20730144412543886	0.20616380792139793	0.20503665072665453	0.20392358304197009	0.20282822517302695	0.20175399505717043	0.20070389855010182	0.19968034166617218	0.19868498140615873	0.19771862677088556	0.19678119518611265	0.1958717236048352	0.19498842815307696	0.1941288028240659	0.19328974617728772	0.1924677053098479	0.19165882798831604	0.19085911646566583	0.1900645780311459	0.18927136987357737	0.18847593544257152	0.18767513812782116	0.18686636660755698	0.18604764046542155	0.18521768147709372	0.18437600579976474	0.1835228768705512	0.18265934112351623	0.18178716632218983	0.18090876076097112	0.1800270627265197	0.17914540227282177	0.17826735850065067	0.17739660489404577	0.1765367385307225	0.17569113736534653	0.17486283598890973	0.17405442445694375	0.17326797059960436	0.17250496640526775	0.17176629829214085	0.17105223863848434	0.17036245560623164	0.16969603855341323	0.16905153698353279	0.16842701177087935	0.1678200979349161	0.1672280782493274	0.16664796659220896	0.16607659944817602	0.16551073302404473	0.16494713658369903	0.16438268789278812	0.16381459956651676	0.16324035305233844	0.16265780757356102	0.16206536489730394	0.16146203159366984	0.1608473653501907	0.1602214856554917	0.15958505343841548	0.158939212002003	0.15828550908013633	0.1576258436246836	0.1569624240078957	0.15629765962190226	0.15563407303721627	0.15497401153619156	0.1543200511669685	0.15367522876007023	0.15304038198025902	0.15241707295366577	0.15180659612919029	0.15120954746332718	0.1506260831567099	0.15005594529868213	0.14949836526480187	0.14895213636944438	0.14841563683537046	0.14788686317349273	0.14736349601846804	0.1468430335424641	0.14632293408002778	0.14580075514756946	0.14527428017749533	0.14474159396126327	0.14420110167500322	0.14365153373393025	0.1430919667356398	0.1425218436040639	0.14194098141538158	0.14134957209755628	0.14074817262251316	0.14013767546179418	0.13951925738474263	0.13889431685226905	0.13826441927077532	0.1376312674366741	0.13699669355827265	0.13636265995748628	0.13573127100815816	0.1351047782422802	0.13448554439129928	0.13387597467154294	0.13327845280446698	0.13269529719481316	0.13212872408259468	0.1315808038616884	0.13105341032194429	0.13054816911049882	0.1300664107438675	0.12960913008210698	0.12917694961296122	0.12877008101490472	0.12838828246330958	0.12803081570661023	0.1276964100677605	0.127383240280495	0.12708892578261904	0.12681055933259036	0.1265447694055755	0.12628781506496645	0.12603570725814595	0.12578434830607943	0.125529681070199	0.12526783962143861	0.12499529361421324	0.12470897899959782	0.12440640828687771	0.1240857543274826	0.12374590270409336	0.1233864694707281	0.1230077832251449	0.12261083302884422	0.12219718612361088	0.12176888142078665	0.12132830621161467	0.12087806441202428	0.12042084489250704	0.11995929805467107	0.11949592784052294	0.11903300487560547	0.11857250456707694	0.11811607189354018	0.11766501260765788	0.11722030885772482	0.1167826558805963	0.11635251536538276	0.11593018031969268	0.11551584585366927	0.11510968025026427	0.11471189090073487	0.1143227800038201	0.1139427853314661	0.11357250199300163	0.11321268217264743	0.11286421136067128	0.11252806156310427
4.1887902047863905	0.229286071636967	0.22912181933081444	0.2288605367418217	0.22851928633943677	0.22811917440413182	0.2276830503398363	0.22723306790495454	0.22678841483409837	0.2263634819626908	0.2259666705875786	0.22559994039166575	0.2252590959927424	0.2249347144327805	0.22461354250062415	0.22428015072531451	0.22391862334295293	0.22351408779533938	0.22305393580879984	0.22252865026785731	0.22193221653744172	0.22126215340983119	0.2205192400669708	0.2197070376331918	0.21883130708566526	0.21789941268794694	0.21691977699461223	0.21590142591808145	0.2148536360062984	0.21378567524751177	0.21270661580615421	0.2116251925392517	0.21054968370559843	0.20948779759955258	0.2084465581087983	0.2074321907952868	0.2064500171033027	0.2055043667459968	0.20459851725386696	0.20373466595981427	0.2029139347313995	0.20213640305330363	0.20140116188321	0.20070637981164563	0.2000493745643601	0.19942668629678	0.19883415345296584	0.19826699605545342	0.19771991401532416	0.19718720864635741	0.19666293373260207	0.19614107848920992	0.19561577925121768	0.1950815510016194	0.1945335243949054	0.19396767074776813	0.19338099618591958	0.19277168764632027	0.19213919727065631	0.19148425726098445	0.19080882332969215	0.19011595192623568	0.18940962102839048	0.1886945090227001	0.187975742115581	0.18725864211309431	0.18654847001603783	0.18585019183524193	0.18516823343227154	0.18450635651260658	0.18386748095379796	0.18325358729114627	0.18266564192422544	0.18210357318863407	0.18156627245620965	0.18105162943503633	0.18055660845732346	0.18007737212729022	0.1796094142236553	0.1791477217041347	0.17868695649164124	0.17822164909295538	0.17774639495296743	0.17725604683627239	0.1767458944124455	0.17621182325180862	0.1756504467807925	0.17505920627359753	0.1744364357548838	0.17378139088651876	0.1730942431431925	0.17237604239053844	0.1716286523812679	0.1708546647274749	0.17005729976563208	0.16924027109563264	0.16840750552509037	0.16756320361312596	0.16671175878802402	0.16585759733395294	0.1650050957975913	0.16415838312277106	0.16332125000313283	0.16249707154292292	0.16168873361719888	0.16089857163041943	0.16012829175941756	0.1593789211881335	0.15865085420682146	0.15794382775679142	0.15725701623177812	0.15658834740630193	0.1559344420751	0.15529372404670377	0.1546629734507518	0.1540391474168401	0.15341878731925174	0.15279825090642887	0.1521739979620039	0.15154256126357163	0.15090072393595055	0.15024563558884477	0.14957496135653076	0.14888696923416642	0.1481805055165731	0.14745497117999884	0.14671033428709795	0.14594714389170577	0.14516654124760084	0.14437027474531136	0.1435606744838688	0.14274055454176796	0.14191307416829935	0.14108159646401033	0.14024955927539576	0.13942035751690496	0.13859723017651648	0.137783149958341	0.136980721790709	0.13619209944869973	0.13541893675286978	0.1346623979257425	0.1339232174763863	0.1332017513991298	0.13249799933390213	0.1318116296536003	0.13114203001626945	0.13048839177603022	0.12984982169623535	0.12922545671955218	0.128614560021235	0.12801659032330212	0.12743124406629622	0.12685847230926967	0.1262984761262492	0.12575168487136978	0.1252187178572916	0.12470032404008827	0.12419729543977846	0.12371036054819677	0.12324007284046011	0.12278671013434873	0.1223501976039232	0.12193006355997528	0.12152543158471248	0.12113504678395465	0.12075733056583535	0.12039045759293739	0.12003244875587281	0.11968127415229575	0.11933496002470877	0.11899169353346742	0.11864991917483511	0.11830842071681824	0.11796638295729674	0.11762342862390121	0.11727962736557451	0.11693547587619445	0.11659185048980175	0.11624993582170295	0.1159111349298838	0.11557696778630164	0.11524896540565922	0.11492856679165275	0.11461702517483774	0.11431532916202762	0.11402414350043412	0.11374377295461514	0.113474151035425	0.11321485306841692	0.11296513076477523	0.11272396359333225	0.11249012124284546	0.11226223142884047	0.11203884805992492	0.11181851596356804	0.11159982960302875	0.11138148425420955	0.11116231887836123	0.11094135045280396	0.11071779986120052
4.4505895925855405	0.29079762574711915	0.2900512555674837	0.2888329007847361	0.28717960285443195	0.2851398682666271	0.28277045016316843	0.2801327792903334	0.2772893976951405	0.2743007222139541	0.27122239920373853	0.2681034191035753	0.264985054562046	0.26190058486539913	0.25887568601803174	0.25592930968577365	0.2530748496415662	0.25032140026726457	0.2476749424109136	0.2451393387991088	0.24271707443677554	0.24040972784636805	0.2382181995719154	0.23614275101791055	0.23418291845182362	0.23233736562439147	0.23060372758157432	0.2289784823339632	0.2274568704474328	0.22603286873082457	0.22469921504085796	0.2234474773159045	0.22226816049456022	0.22115084828473877	0.2200843807665212	0.21905707162529817	0.21805696906881328	0.21707216163789772	0.2160911244941844	0.215103094411903	0.21409845413475392	0.2130691006237944	0.2120087684297492	0.21091327986871755	0.2097806980745224	0.2086113668219439	0.20740783119333045	0.20617464414437045	0.20491807428613104	0.20364573830908994	0.20236618646878085	0.20108847101321922	0.19982172557054448	0.19857477880958338	0.1973558195364891	0.1961721234290601	0.19502984510541085	0.1939338741015775	0.19288774960944197	0.1918936270353596	0.19095228932790573	0.19006319595526044	0.18922456415622782	0.1884334770510447	0.1876860217866637	0.18697743524984053	0.1863022760478238	0.1856546018374599	0.1850281911405824	0.18441666945246962	0.18381372788217812	0.18321328514778112	0.18260963022273058	0.18199756036696363	0.18137247916397295	0.1807304867926581	0.1800684442214926	0.17938399871732458	0.17867559905718586	0.17794250305241643	0.1771847693828188	0.17640323770144267	0.17559949555625864	0.1747758336987628	0.1739351883686179	0.17308106939855925	0.17221747362454642	0.17134878410306092	0.1704796568810852	0.16961489812204456	0.16875933501207474	0.16791768427635984	0.167094422543416	0.16629366267780793	0.16551903422392295	0.16477357886704289	0.16405977930486954	0.16337936282110302	0.16273337301170562	0.16212221601000412	0.16154554967524648	0.1610023127408603	0.1604907730390211	0.16000856945879746	0.1595527509299833	0.15911982174303513	0.1587058384142302	0.1583065521893514	0.15791749467891722	0.1575340505990595	0.15715133677945395	0.1567648707151574	0.15637109068651187	0.1559645902431855	0.15554163342123614	0.15509838231268297	0.15463190253219233	0.15413969366063585	0.15362002791214746	0.15307183075791417	0.1524947577728467	0.15188917352004722	0.1512561110062241	0.15059722851604646	0.14991479841588998	0.14921170476054604	0.14849142498407814	0.1477579548120852	0.14701567550893468	0.14626918053191004	0.14552308536004366	0.1447818513243021	0.14404963774843904	0.14333017954666344	0.14262668524573854	0.14194175663714692	0.1412773269532818	0.14063461327164517	0.14001408954881386	0.13941549753404256	0.13883791229000966	0.1382798559658646	0.13773943533306846	0.13721448762216196	0.13670271317503502	0.13620177929885718	0.13570940591114747	0.13522344767356825	0.134741974883066	0.13426334001069626	0.13378621761660978	0.13330961840448693	0.1328328851813773	0.13235567777959367	0.13187795003330155	0.13139991629949024	0.13092200190369546	0.13044477684031366	0.12996888148812744	0.12949495557491866	0.12902357526938923	0.12855519863316556	0.12809012255538768	0.1276284582459803	0.127170130384795	0.1267148991671126	0.12626240028889832	0.12581219692824405	0.12536383829488065	0.12491691985360155	0.12447114053637072	0.12402635228296764	0.12358259732759005	0.1231401290746197	0.12269941343804089	0.12226110919659947	0.12182602802046144	0.12139507701329323	0.12096918858787178	0.12054924404637603	0.12013599821004052	0.1197300126955074	0.11933160487763692	0.11894081823862844	0.1185574178366221	0.1181809122517189	0.11781060080993913	0.1174456423940179	0.1170851400001083	0.11672823362981039	0.11637419326119788	0.11602250359736442	0.1156729330812607	0.11532558121059844	0.11498090021935621	0.11463968934945881	0.11430306195652418	0.11397238752053657	0.11364921232597727	0.1133351641447232	0.11303184757009815
4.71238898038469	0.21920590337463364	0.2190355008482876	0.2187647644684133	0.2184122474850354	0.21800132831574914	0.2175579385468397	0.21710811689719245	0.21667567251951825	0.21628021248227491	0.21593572663659644	0.21564983938680937	0.2154237460130738	0.21525276530116622	0.21512737238573343	0.21503453404204642	0.21495915636928775	0.21488547013144377	0.2147982160681794	0.21468354270628554	0.214529583136586	0.2143267261986821	0.21406763496739112	0.2137470876620906	0.21336172243471596	0.21290975991105054	0.21239075971728416	0.2118054442964441	0.2111555998638106	0.2104440443307508	0.20967463810943987	0.20885230706493585	0.20798304725398797	0.20707388710451013	0.20613279227026882	0.20516850923684848	0.20419035375188477	0.203207957726656	0.20223099254364996	0.2012688875914913	0.20033056086675405	0.199424174603282	0.1985569242642915	0.19773486493063286	0.19696277591965672	0.19624406275144668	0.19558069525955046	0.19497318134286634	0.19442057691989534	0.1939205334390932	0.19346938430066873	0.19306227048751834	0.19269330358987535	0.1923557617313436	0.19204231075397704	0.1917452405647352	0.191456704840402	0.19116895184510052	0.19087453517278563	0.19056649545747284	0.1902385069421253	0.18988498703034473	0.18950116986311305	0.18908314869812315	0.1886278877183043	0.18813322439821922	0.18759785355744207	0.1870213086036605	0.18640390414897934	0.18574675889239745	0.18505174589285023	0.18432145409702072	0.18355914893269998	0.18276872204907324	0.18195462027063325	0.18112175674332365	0.18027540854465618	0.17942111239701686	0.17856453925209548	0.17771135690509343	0.1768670908980866	0.17603698715232097	0.17522588012982676	0.17443807246222864	0.17367722958445408	0.1729462922337507	0.17224740881205736	0.17158188861052381	0.17095017603449036	0.17035184558320648	0.1697856174201856	0.16924939340410872	0.16874031312165283	0.16825482913080125	0.16778880340213576	0.16733760285711252	0.16689608009098522	0.16645882126893152	0.16602038139438735	0.16557534171208732	0.16511844228155192	0.16464468635595375	0.1641494783899794	0.16362873939347888	0.16307900317534785	0.16249750040110733	0.1618821821670522	0.16123170555464106	0.1605454869544718	0.15982371691581831	0.15906742647192795	0.15827776270761607	0.1574554936768121	0.15660395555219198	0.1557267172408684	0.15482753042716457	0.1539104675359202	0.152979791019198	0.15203996845825318	0.15109551804422805	0.15015099224675832	0.14921090711744767	0.1482797074221921	0.1473617018244615	0.14646090743532003	0.1455808872767922	0.14472465902033127	0.14389465154274517	0.14309268647712603	0.14231998759650666	0.1415771958496157	0.14086436103549654	0.14018091747515898	0.13952567371105795	0.13889683813328146	0.13829207720275227	0.1377085873669739	0.13714316982055613	0.13659230821999313	0.13605224994804138	0.1355190969750264	0.1349889284544855	0.13445795625598067	0.13392265594241687	0.13337983308955875	0.1328266551144428	0.13226069119998451	0.13167997456101477	0.13108307484309684	0.13046915917884233	0.12983802742693984	0.12919011736299812	0.12852648054976734	0.12784873179712086	0.12715897832919376	0.12645973745512035	0.1257538488280538	0.12504437873765445	0.12433450898331389	0.1236274101860998	0.12292611167780865	0.12223338513696297	0.12155165571390403	0.1208829478541606	0.120228866338007	0.11959060760915319	0.11896899388249049	0.1183645226768576	0.1177774256007969	0.11720773123952322	0.11665532770063347	0.11612002095193436	0.11560158563157513	0.11509980559793231	0.11461450220521119	0.11414554919274655	0.11369287411333673	0.1132564472790667	0.11283626015405035	0.11243229588908588	0.11204449520547799	0.1116727210143566	0.11131672493392636	0.11097611827617099	0.11065034934913509	0.11033868840526867	0.11004022143242898	0.10975385403828075	0.10947832653054279	0.10921224070489388	0.1089540978782802	0.10870234660252931	0.10845543755018261	0.10821188248094954	0.10797031400981227	0.10772954299092041	0.10748861053185454	0.10724683183942424	0.10700382926206176	0.10675955213173499	0.10651428146063674
4.974188368183839	0.3188455328648832	0.31811618160461574	0.3169234366689745	0.3152994273324375	0.31328573815500627	0.310930609845357	0.30828585938126496	0.305403831099632	0.30233466679147514	0.2991241245776535	0.29581209388486646	0.2924318604574919	0.28901008482938195	0.2855673821099613	0.2821193388829021	0.2786777785561733	0.2752520891189568	0.27185045251563256	0.26848085564709945	0.265151811141036	0.26187276364638046	0.2586541981978427	0.25550749711090176	0.25244460930391854	0.2494776014953954	0.2466181566112473	0.24387707408575623	0.24126381287056176	0.23878610380784654	0.23644964572968144	0.23425789042438097	0.23221191575684152	0.23031038329915762	0.22854957590357222	0.22692351063573304	0.22542412237646997	0.22404151248513077	0.2227642549013568	0.22157974908288747	0.22047460573517197	0.21943504810651857	0.21844730946537044	0.21749800687330212	0.21657447287026296	0.21566503017542263	0.21475919963882045	0.21384783774576857	0.21292320619040986	0.21197898153440498	0.21101021706533168	0.2100132711988624	0.2089857170349921	0.20792624603794077	0.20683457581169015	0.20571136823972103	0.20455816013703923	0.20337730492630032	0.20217192117315932	0.20094584204607904	0.19970355968150158	0.1984501585718822	0.197191233621237	0.19593278969057373	0.19468112930233875	0.19344271245132397	0.1922240176072072	0.19103138165468797	0.1898708864533526	0.18874815728104602	0.1876682502648712	0.1866355355213022	0.18565360150972304	0.18472517797972698	0.18385208840436976	0.18303523517694106	0.18227461312709242	0.1815693317460283	0.18091765511231503	0.1803170744397023	0.1797643960472312	0.1792558368385367	0.1787871261135323	0.1783536099780718	0.17795035440105758	0.1775722434854555	0.1772140703681167	0.17687061913394114	0.17653673711479548	0.17620739774203525	0.17587775410598416	0.17554318288456722	0.175199318611171	0.17484207894330717	0.17446767616743591	0.17407262043666402	0.1736538396438045	0.1732086839113444	0.1727348348520731	0.172230419559443	0.17169417832575468	0.17112527907685593	0.17052336067404472	0.1698885676552487	0.16922153439886697	0.16852335529711931	0.16779559518926324	0.167040378970382	0.16626040840087217	0.16545883910188297	0.1646390284417236	0.16380476977380334	0.1629611930082899	0.16211254955279272	0.1612618498175151	0.16041401856605503	0.15957309450253987	0.15874317624796302	0.15792815032448282	0.15713156096180583	0.15635660113181282	0.15560604229086816	0.1548821832198421	0.15418679533136082	0.1535211382484851	0.1528860391377818	0.1522819425630289	0.15170893988306655	0.1511667767639996	0.15065481989180077	0.15017200013254228	0.14971676995466265	0.14928708669536794	0.14888042176162214	0.1484938057248684	0.14812389890842143	0.14776706239855816	0.14741941999230684	0.14707692180396362	0.14673543294155197	0.1463908699499464	0.14603936825728983	0.14567741845368168	0.14530195226160905	0.14491042016269257	0.1445008598721918	0.14407192986238335	0.14362291742517774	0.14315372842766527	0.14266485186369735	0.14215729784881367	0.1416325182925073	0.14109232359197155	0.1405388070759565	0.13997428347069157	0.13940123749100983	0.13882226851010543	0.13824001906819947	0.1376570914896951	0.13707597089900023	0.1364989696428433	0.13592819547878687	0.13536553853274672	0.1348126727069917	0.134271069457053	0.13374202101696858	0.13322666801864022	0.1327260259117485	0.13224100562303373	0.1317724253031389	0.1313210112444082	0.13088738707098815	0.13047205112786422	0.13007534267863824	0.1296973981819047	0.12933809967039475	0.12899701814842485	0.1286733559282435	0.12836589287705943	0.12807294250487247	0.1277923244447536	0.12752135985747512	0.12725689541278654	0.1269953597721205	0.12673285413327506	0.1264652755925219	0.12618846890838295	0.1258983988870005	0.12559133257212765	0.12526401842751528	0.12491384923679108	0.12453899659132957	0.12413850735524412	0.12371235594906	0.12326145007189092	0.1227875909629266	0.12229339211469947	0.12178216249337626	0.12125776200204993	0.12072443826384036	0.12018665469540168
5.235987755982989	0.1898576566786007	0.18966914671629054	0.18936926363511455	0.1889784108651241	0.1885227559936158	0.18803200656302196	0.18753698698955887	0.18706727802360892	0.1866491561351118	0.18630401653200176	0.18604738991868947	0.18588858172092132	0.18583088573223738	0.18587226253397687	0.18600633375462136	0.18622352917428586	0.18651223351355295	0.18685980863623652	0.18725340775793345	0.18768054322553585	0.1881294112716667	0.18858901029042782	0.18904911035408914	0.18950014002555768	0.18993305324849075	0.19033922695468214	0.19071042255005607	0.19103882526080787	0.19131715761310739	0.19153884942205504	0.19169823791220106	0.19179076832219946	0.19181316705236098	0.19176356497581587	0.1916415564914029	0.1914481887167905	0.19118588352914345	0.19085830190946595	0.1904701646068464	0.19002704531604028	0.1895351525428607	0.1890011145784516	0.1884317791210689	0.18783403568953663	0.18721466560109057	0.18658022128460772	0.18593693429603683	0.18529064961527145	0.1846467825824682	0.18401029407897762	0.18338567917364734	0.18277696435504318	0.18218770872725087	0.1816210050288367	0.1810794771011847	0.18056527161936686	0.18008004319474522	0.1796249334551615	0.17920054612358755	0.17880692106660032	0.17844351151598117	0.17810916889472067	0.1778021402255093	0.1775200763228169	0.17726006722474089	0.17701868520514355	0.17679206017738208	0.17657592983578754	0.17636577579270005	0.17615691543807482	0.17594460436940512	0.1757241416012846	0.1754909704087157	0.17524076996023968	0.17496952676470257	0.17467359242054042	0.17434973777881882	0.173995191353344	0.17360765577382528	0.17318530966242762	0.17272679957815576	0.17223122322179737	0.17169810565475285	0.17112737144990323	0.17051931506383128	0.16987457144682566	0.16919408843323344	0.16847910183168488	0.16773111353606	0.16695187298256176	0.16614336266058327	0.16530778789826617	0.16444756996689136	0.1635653439374353	0.16266394650675195	0.16174629264806584	0.16081531204819396	0.15987412310590488	0.15892607395234792	0.15797457481310181	0.15702300601319888	0.15607472476198633	0.155133022941151	0.1542010824739205	0.15328195286421753	0.15237849157079253	0.1514932436989612	0.15062839912096088	0.1497858584915888	0.14896731875155295	0.1481739296597542	0.14740539268050556	0.14666163989074604	0.1459441685033505	0.14525283971863817	0.1445871290340469	0.14394642204370364	0.14332971697881566	0.14273576497013957	0.14216310633713014	0.14161008963829533	0.14107492118308623	0.1405557239382967	0.14005050613706918	0.13955707723150967	0.1390730626131929	0.1385959743723656	0.13812326303473169	0.13765237402170263	0.13718082328128386	0.1367062447342979	0.1362263934088539	0.13573914980365717	0.1352425538704041	0.13473485015133324	0.13421451892449598	0.13368029007905907	0.13313114433756604	0.13256629634811898	0.13198515528021862	0.1313872968063912	0.1307725054812418	0.13014086060715266	0.1294927498720946	0.12882879327636707	0.12814977372513603	0.12745662188877488	0.12675043208958145	0.12603248207177034	0.12530424544833846	0.12456739292013777	0.1238237798378575	0.12307541854566319	0.1223244372974231	0.12157303347542092	0.12082343232309457	0.12007785582650574	0.11933849228541439	0.11860745185646439	0.1178867046239216	0.11717801166290988	0.1164828632260715	0.11580243429198735	0.11513756201630078	0.11448874435526762	0.1138561560420295	0.11323967763160377	0.11263893409129307	0.11205334018063366	0.11148215032049731	0.1109245107820862	0.11037951187383613	0.10984623756186054	0.10932380991808281	0.10881142612937278	0.10830838648304097	0.10781411258673902	0.10732815589401132	0.10685019726899117	0.10638003878442538	0.10591758919047517	0.10546284449914121	0.10501586489484818	0.10457674881460213	0.10414560484217598	0.10372252236833353	0.10330754280740743	0.10290063408731177	0.10250167153414191	0.10211042782362752	0.10172657348945696	0.10134968797906105	0.10097927989428525	0.10061481416557203	0.10025574356318917	0.09990154200209514	0.09955173729056443	0.09920594110138214	0.09886387397831703	0.09852538327107722
5.497787143782138	0.41939924147458874	0.41873195603126506	0.41763933641038603	0.41614784610533667	0.4142910752859139	0.4121072892247177	0.40963676037834296	0.406919162935935	0.40399128597318246	0.4008852678012742	0.39762747911327234	0.3942380980533218	0.3907313387084186	0.38711622646802285	0.38339776676712195	0.3795783314738121	0.37565908909936613	0.371641327187453	0.36752755149853433	0.3633222898336462	0.35903257176394876	0.35466809368701235	0.350241107930736	0.345766093487722	0.3412592745754275	0.33673805307433274	0.3322204142375216	0.3277243543480713	0.323267366487977	0.3188660080816204	0.3145355626313488	0.3102897987632955	0.3061408225776862	0.3020990142488102	0.2981730365522009	0.29436990114649136	0.2906950776633153	0.28715263069955516	0.28374537050251003	0.2804750044204953	0.2773422780421846	0.27434709735321205	0.27148862613651364	0.26876535609013885	0.2661751504919585	0.2637152654041588	0.26138235503466034	0.2591724696445703	0.25708105511290513	0.255102962837352	0.2532324771554274	0.2514633651451732	0.24978895081594332	0.24820221260461875	0.2466959006765574	0.24526266791693643	0.24389520745695628	0.24258638869529617	0.24132938403903587	0.2401177798667654	0.23894566648922488	0.23780770302404694	0.23669915446684842	0.23561590662285917	0.2345544429948649	0.23351181530420567	0.23248557952735469	0.23147376093069671	0.2304747178933086	0.2294870895572873	0.22850971657121408	0.22754156295306807	0.22658166248331243	0.225629078712417	0.22468288729102545	0.22374218478106103	0.22280609732146445	0.22187379631078935	0.22094455056357065	0.22001778047353743	0.2190931135878779	0.21817043624832913	0.217249935391948	0.21633212667907686	0.2154178653088032	0.2145083376156879	0.2136050334296554	0.21270970100035969	0.21182428794480815	0.21095087204303517	0.21009158485884413	0.2092485311113767	0.20842370776327163	0.2076189249299835	0.20683573793605642	0.2060754288498513	0.2053390789468969	0.2046277506043095	0.2039422061121738	0.20328272278009943	0.20264929473724277	0.20204173477922596	0.20145967493899436	0.20090254738763633	0.20036956160060285	0.19985971602591807	0.199371964769531	0.19890539877094943	0.1984591182136558	0.1980319555178018	0.1976223532259546	0.19722937608629856	0.19685318665967527	0.1964921901287809	0.19614408659266727	0.1958073735189747	0.1954804756764678	0.19516153006789483	0.19484855084089853	0.1945394351593641	0.19423195240465452	0.1939237784015576	0.1936124797071172	0.1932955222528729	0.19297044998959642	0.192635067697586	0.19228748329633696	0.19192609350534837	0.1915495564974111	0.19115670653135822	0.19074643781489606	0.19031764876801074	0.18986925288103443	0.18940020484691825	0.1889095120480732	0.18839622143210935	0.1878593896708741	0.18729805987549505	0.1867112832074667	0.1860982372519277	0.18545844309114115	0.18479194151623296	0.1840992644674514	0.18338128087863997	0.18263913243041538	0.18187428907429576	0.1810886108732599	0.18028435584705296	0.179464142297544	0.17863088511679623	0.17778772066338128	0.17693793307727743	0.1760848941207638	0.17523202407637684	0.1743827669145018	0.17354055294589465	0.1727087199189998	0.17189039715783747	0.1710883974522777	0.17030515763846735	0.16954272870192408	0.16880279288549044	0.16808669438504903	0.16739548357781997	0.16672997460452307	0.16609081002538756	0.1654785239205382	0.16489359674157875	0.16433649806287645	0.1638077150615924	0.16330776506613212	0.16283719079956485	0.16239653769569104	0.16198631385330137	0.16160693445019306	0.1612586535685826	0.16094148747974246	0.1606551346344876	0.16039889881390715	0.1601716227166956	0.1599716391867528	0.159796746072002	0.15964420871249405	0.1595107921435038	0.15939282387321801	0.1592862871343085	0.15918694267375041	0.15909047391368686	0.15899264658759404	0.15888947133212433	0.15877735721296954	0.15865324570600015	0.15851471740570705	0.15836006663979776	0.15818834144672517	0.15799934785698333	0.15779361857130522	0.1575723475975636	0.1573372944564095	0.15709066385621012
5.759586531581287	0.04730208742129452	0.04702518628580751	0.04658019027128388	0.04599098094364695	0.04528864159791621	0.04450917840416671	0.043691012858264044	0.042872499261718794	0.04208969957745157	0.04137459869713905	0.04075387493741142	0.040248264700911474	0.03987248812187655	0.03963564387141741	0.039541942685129366	0.03959163328521004	0.039781980062660316	0.04010817490599736	0.040564099695277606	0.04114289437584029	0.04183732192550235	0.04263995116579611	0.04354319844634194	0.04453927896893192	0.04562011883599143	0.046777271905358436	0.04800187388621138	0.049284652527267464	0.05061599955568907	0.0519860989278258	0.05338509795005811	0.05480330325824412	0.05623138231226249	0.057660552403553916	0.059082742424099444	0.060490716990972554	0.061878157215756596	0.0632396968543916	0.06457091635916876	0.06586830025881132	0.06712916525528892	0.06835156750294197	0.06953419784430567	0.07067627344849048	0.07177743345937748	0.07283764497648293	0.07385712407369976	0.07483627466650875	0.0757756459828017	0.07667590734215249	0.07753783709196987	0.07836232108601851	0.07915035523243802	0.07990304662257908	0.08062160821265721	0.08130734368836065	0.08196162080251851	0.08258583377732448	0.08318135740714777	0.08374949701381942	0.08429143971770905	0.08480821261020005	0.08530065386956995	0.08576939473343254	0.08621487033092773	0.08663733437793136	0.08703690374747802	0.0874135787486722	0.08776734294829666	0.08809819097510635	0.08840618311335835	0.08869148592082779	0.08895440759299375	0.0891954039634239	0.0894150721958607	0.08961412407341052	0.08979336199494939	0.08995365109942513	0.0900958684501868	0.09022085588023471	0.09032937641928387	0.09042207407321198	0.09049944232284232	0.09056180256931015	0.09060929322203401	0.0906418696581337	0.09065931461160487	0.09066125797032515	0.09064720442801161	0.09061656755415129	0.09056870949182502	0.09050298538492021	0.09041879085467214	0.09031561537290556	0.09019310526197374	0.09005105824125284	0.08988939728635062	0.08970799077263014	0.08950683064465303	0.0892862025613636	0.08904656189649002	0.08878849980801429	0.08851269252498098	0.08821988586063614	0.08791091156303726	0.08758666965261239	0.08724800060135662	0.08689555986327871	0.08652990591389823	0.0861517587599582	0.08576204542484847	0.08536117881423338	0.08494893794221936	0.08452556587594812	0.08409200258499067	0.0836488707941205	0.0831965940244099	0.0827355925969381	0.08226636057394596	0.08178943537471231	0.08130538729029849	0.08081479914752698	0.0803182823082221	0.07981648549694448	0.07930999611298661	0.07879923056695734	0.07828442575502886	0.07776567668562269	0.0772429677065771	0.0767162296919929	0.07618541997526315	0.07565056138029633	0.0751117297375833	0.07456903885694174	0.07402264754390113	0.07347277762227426	0.07291973364249384	0.07236391889036663	0.07180582692014978	0.0712459711032988	0.07068474618433528	0.07012231453764622	0.0695586413799698	0.06899364704744826	0.06842731160424827	0.06785966371995752	0.0672907295098616	0.06672051401992925	0.06614901888359716	0.0655762736444118	0.06500236456863341	0.0644274519274952	0.06385176955336654	0.06327560441469304	0.06269926423970457	0.062123055075627265	0.061547291925894254	0.060972340903205705	0.06039865918105977	0.05982679639606037	0.05925735150522213	0.05869090793401144	0.05812797314631636	0.05756893500658121	0.05701403525102629	0.056463356935433195	0.05591682381828611	0.0553742105159689	0.05483516194002443	0.054299220101606274	0.05376585652043073	0.053234508791643376	0.05270461971655821	0.052175676786177516	0.05164724924856656	0.0511190199511664	0.050590809661043665	0.05006259235728046	0.04953450079520623	0.049006822399824845	0.04847998635290379	0.047954543622099194	0.047431142380205044	0.046910501306602556	0.046393382440892486	0.04588056406463492	0.04537281347578495	0.04487086001579918	0.044375369835623804	0.04388692461149585	0.04340600609134458	0.0429329871451611	0.04246812863280214	0.042011580603471585	0.04156338641438015	0.04112348911213766	0.04069174031978384	0.040267912348291135	0.03985171403669312	0.03944281007472207
6.021385919380437	1.413430325566659	1.413379733218758	1.4133018293433404	1.4132034699651075	1.4130916474214077	1.4129720811240325	1.412847791490841	1.412717859905067	1.4125765499625058	1.4124129130357812	1.412210933368347	1.411950195547636	1.4116069913262068	1.411155732526879	1.4105705081134001	1.4098266184624957	1.4089019366577902	1.40777798040302	1.406440622208042	1.4048804125871257	1.4030925345625378	1.4010764428104672	1.398835264398195	1.3963750494074776	1.3937039597619147	1.3908314754655304	1.3877676820562135	1.384522684326083	1.3811061718987219	1.3775271441592496	1.3737937867307566	1.3699134799694572	1.3658929120637275	1.3617382651161827	1.357455441639476	1.3530503006314398	1.3485288761842749	1.343897556808981	1.3391632097567427	1.334333241099833	1.3294155887704517	1.324418651777534	1.319351164102045	1.3142220260157547	1.3090401085545182	1.3038140483524638	1.29855205001384	1.2932617116176823	1.287949886008728	1.2826225865808993	1.2772849417035501	1.2719411973020134	1.2665947627667467	1.2612482921302193	1.25590379014861	1.250562732075514	1.2452261860677956	1.239894928690655	1.234569545847165	1.2292505148565538	1.2239382664862903	1.2186332257494707	1.2133358350524857	1.2080465585910916	1.2027658757911093	1.1974942603470944	1.1922321742041302	1.1869800660929095	1.1817382922567516	1.1765071186913763	1.171286698292945	1.1660770464106176	1.1608780672147232	1.1556895396806734	1.1505111472493412	1.1453425076615047	1.1401831933995399	1.1350327634593835	1.1298908193515016	1.1247570639222522	1.1196313570253895	1.1145137602501474	1.1094045771755368	1.1043043829485493	1.0992140381218318	1.0941346840779016	1.0890677196750342	1.084014761315813	1.0789775906523016	1.073958094531588	1.0689582007774292	1.0639798123118007	1.0590247433888154	1.054094692451986	1.049191384501368	1.0443164433893408	1.0394711300028634	1.0346566366903311	1.0298743748071197	1.0251259527908048	1.0204126899228922	1.0157357561323963	1.0110962030295734	1.0064949710396158	1.0019328682690842	0.9974104472100567	0.9929280092600967	0.9884859787756861	0.9840851766532559	0.9797271849166944	0.9754134583915449	0.9711431333512786	0.9669175487841806	0.9627384665478828	0.9586074332587329	0.954524462973338	0.9504891059280071	0.9465005285788627	0.9425575636109293	0.9386585298375324	0.9348010493029887	0.9309819865328421	0.9271975132420147	0.9234431694315997	0.9197140856120521	0.9160055181818891	0.9123133522047702	0.9086342692732305	0.9049657293821873	0.9013059427637283	0.8976537708061276	0.8940085259772049	0.8903698063297245	0.8867374654619766	0.8831116503458185	0.8794927912634318	0.8758815121952519	0.8722784851174694	0.8686842505730692	0.8650990595742865	0.8615228814685438	0.8579556694387744	0.8543976715382559	0.8508494576372978	0.8473116342171092	0.8437845207732861	0.8402680436884773	0.8367618603898772	0.8332655644224841	0.8297788548063292	0.8263016395194951	0.8228340859091205	0.8193766410572539	0.8159300483320131	0.812495386231558	0.80907413958063	0.8056682743692822	0.802280252703099	0.7989129351083695	0.7955693741124831	0.7922525603113075	0.7889651987400653	0.7857095659358526	0.7824874553028118	0.7793001902931647	0.7761486791464562	0.7730334910341161	0.7699549409168223	0.7669131762716702	0.763908263386082	0.76094027343698	0.7580093679197031	0.755115879633096	0.752260381610728	0.7494437344538413	0.746667103457741	0.7439319402946198	0.7412399287315254	0.7385928988075703	0.7359927180939259	0.7334411712125037	0.7309398389687578	0.7284899861688559	0.7260924635083665	0.7237476258671884	0.7214552686205475	0.7192145851264129	0.7170241505227196	0.7148819371574566	0.7127853644479352	0.7107313816315386	0.7087165777484842	0.7067373110167873	0.7047898499076959	0.7028705197110565	0.7009758496400328	0.6991027154679459	0.6972484712895892	0.6954110622290522	0.6935891091071741
