0.0	3.9252460896237573	3.919928753796145	3.911180536240434	3.899168309732212	3.8841167771066614	3.866299860808308	3.846030507831882	3.8236495067169436	3.799513939549863	3.7739858702801534	3.7474218069630334	3.7201633793568707	3.692529556325506	3.6648106018915962	3.6372638457075737	3.610111232161831	3.583538518565991	3.557695920270225	3.53269995002798	3.50863616952912	3.4855625606872227	3.4635132305147547	3.4425021837893954	3.422526929974873	3.4035717329606596	3.385610362045825	3.3686082578364607	3.3525240844778503	3.3373106964768446	3.322915600450436	3.3092810355345765	3.2963438273192796	3.2840351862768804	3.2722806211870914	3.261000121011252	3.250108726601424	3.2395175696012	3.2291354041370135	3.218870602383345	3.2086335330042832	3.1983391967087704	3.1879099597976115	3.1772782075463075	3.1663887360586775	3.155200713833513	3.1436890712483954	3.131845214773658	3.11967700933093	3.1072080226268004	3.094476075168911	3.0815311849920244	3.068433033451395	3.0552481052701967	3.042046670699657	3.02889978038517	3.015876433672574	3.0030410616163077	2.9904514377294644	2.9781570959689714	2.966198298489007	2.954605558937098	2.9433996914307543	2.932592324716193	2.9221867978298115	2.912179334272599	2.902560384175584	2.8933160221911995	2.884429297055928	2.8758814396206924	2.8676528574649827	2.8597238721589697	2.852075174276642	2.8446879997355277	2.837544056619298	2.8306252504164373	2.8239132704109218	2.81738910909124	2.811032588766431	2.804821964807208	2.7987336608873186	2.79274216840247	2.7868201523025884	2.7809388321452473	2.7750686359221017	2.769179907675412	2.7632436688418096	2.757232507004768	2.7511215868479306	2.744889376641136	2.738518098254339	2.731992291112343	2.7253046252639246	2.718452649665859	2.711438762802948	2.704269982241208	2.696957302910919	2.6895150303337982	2.681959973935049	2.6743105636692848	2.6665859447278506	2.658805099429742	2.6509860451981058	2.6431451494977116	2.635296590067895	2.627451988711919	2.6196202912176405	2.6118079911873173	2.604019554994737	2.596257683705997	2.5885234250965525	2.5808163843566496	2.5731350732416693	2.5654773414965852	2.5578408266194317	2.550223360165535	2.542623302534767	2.535039810298476	2.5274730446024183	2.5199243262032036	2.5123962397064545	2.5048926765621538	2.4974187879676317	2.4899808206788876	2.4825858395630886	2.4752413707916054	2.4679550059244324	2.4607340011530026	2.453584921734717	2.4465134385912695	2.439524374529662	2.432621892014536	2.425809581066571	2.4190903532011756	2.412466214899089	2.4059380666590315	2.3995056143739855	2.3931674026387957	2.386920930810451	2.3807628030914687	2.3746888945518805	2.3686945192554973	2.362774589538484	2.3569237718036216	2.3511366567846803	2.3454079661204013	2.3397328114421447	2.334107003562715	2.3285273820617753	2.322992117173194	2.3175009382630964	2.312055257291093	2.306658169023039	2.30131432158531	2.2960296647170093	2.2908110988876977	2.2856660602384595	2.280602077576914	2.27562633205491	2.2707452459431883	2.2659641251522356	2.2612868769351895	2.2567158177226867	2.2522515775417613	2.247893099179078	2.2436377237163834	2.2394813495598336	2.235418648980369	2.2314433240420573	2.22754838294927	2.2237264188045525	2.219969875375371	2.2162712879022397	2.21262349054318	2.209019785666233	2.2054540741114748	2.2019209495784047	2.1984157635661146	2.194934668620608	2.191474646347026	2.188033523086116	2.1846099717166556	2.1812034946535452	2.1778143825154244	2.17444364597838	2.1710929244379424	2.1677643822699997	2.164460608936879	2.1611845404995793	2.157939416281462	2.154728776420515	2.151556496326942	2.1484268455791264	2.1453445537388527	2.142314864665179	2.139343563520738	2.136436965491155	2.1336018608751552	2.130845416302583	2.1281750352479794	2.1255981822584005
0.2617993877991494	1.413430325497458	1.4133797288577634	1.4133017821769882	1.4132032145209865	1.4130906966517864	1.412969290053046	1.412840842367841	1.4127025409022766	1.4125458154937505	1.4123557369551154	1.4121109947314394	1.4117844668187178	1.4113443264998313	1.4107555731742034	1.4099818352797673	1.4089872756093236	1.4077384333174425	1.4062058595723386	1.4043654397929661	1.4021993381985483	1.399696543452371	1.396853031991046	1.3936715944064402	1.3901613882278303	1.3863372878016669	1.382219100363718	1.3778307094352091	1.373199195218142	1.3683539693085662	1.3633259497354133	1.3581467931993152	1.3528481947811857	1.3474612610563574	1.3420159598686774	1.3365406482662388	1.3310616786536016	1.3256030816819198	1.3201863226591761	1.3148301264412274	1.3095503641441333	1.3043599939371073	1.2992690479196667	1.2942846578077187	1.2894111138168978	1.2846499535069553	1.2800000800401954	1.2754579118039953	1.2710175671325707	1.2666710884761834	1.2624087095364283	1.2582191665379785	1.2540900511619113	1.250008198186324	1.2459600960398762	1.2419323045646482	1.2379118608272721	1.2338866530218278	1.2298457431273175	1.225779622074729	1.2216803858569716	1.2175418270196658	1.213359443219209	1.2091303697522693	1.204853249737099	1.2005280582885693	1.1961559000034434	1.1917387985811287	1.1872794954809962	1.1827812712965171	1.1782478019953888	1.173683052315748	1.1690912077155913	1.164476641114688	1.1598439081938643	1.1551977622944873	1.1505431786583589	1.145885377843439	1.1412298390699915	1.1365822959049348	1.1319487091085048	1.127335213067934	1.122748025480179	1.118193340052955	1.113677227796638	1.1092054853576907	1.1047834728731312	1.100415978462434	1.0961071012630192	1.0918601471919005	1.0876775087559363	1.083560868451447	1.0795106549297038	1.0755263627250513	1.071606527380767	1.067748824401477	1.063950142324558	1.0602067619102769	1.056514525126484	1.0528690105544023	1.0492657122026792	1.0457002140514198	1.042168352008619	1.0386663522344313	1.0351909317423467	1.0317393491952334	1.0283094115624007	1.0248994825474473	1.0215085601840102	1.0181363849221998	1.014783445535331	1.0114508712749823	1.008140282632797	1.0048536450821688	1.0015931306665515	0.9983609851618335	0.9951594068228128	0.9919904425170307	0.9888559040849699	0.9857573075264869	0.9826958383913414	0.9796723446705011	0.9766873513528382	0.9737410829547255	0.9708334793867927	0.9679641981558055	0.9651326056686247	0.9623377611184888	0.9595783870022134	0.9568528273097412	0.9541590493904892	0.9514947864549981	0.9488577998587109	0.946246088991588	0.943657953258871	0.941091951094407	0.9385468251674088	0.9360214533381979	0.9335148452453509	0.9310261564277214	0.9285546946900854	0.9260999146131395	0.9236614056526538	0.9212388796997394	0.9188321611692893	0.9164411794092073	0.9140659605033037	0.9117066136877807	0.9093633067544981	0.9070362263042637	0.9047255250632908	0.9024312679885541	0.9001533936431445	0.8978917028167658	0.8956458769500978	0.8934155206982041	0.8912002182684333	0.8889995917819737	0.8868133512925678	0.8846413295917315	0.8824834993294813	0.8803399740565718	0.8782109978964845	0.8760969305099573	0.873998234759712	0.8719154737956618	0.8698493218158618	0.8678005885019524	0.8657702519368675	0.8637594903814743	0.8617697013304311	0.859802497506801	0.8578596732336977	0.8559431394093286	0.8540548296270731	0.8521965830362495	0.8503700113044839	0.8485763579391827	0.8468163587690499	0.8450901129439843	0.8433969744223326	0.8417354741745315	0.840103282498811	0.8384972182742725	0.8369133076933426	0.8353468899265937	0.8337927626501846	0.832245357472505	0.8306989342623772	0.8291477836952713	0.8275864282719756	0.8260098131607053	0.8244134793344345	0.8227937125760854	0.8211476628825058	0.8194734295405743	0.8177701078872595	0.8160377949728804	0.8142775534074191	0.8124913355245762	0.8106818731051753
0.5235987755982988	0.04730208743761172	0.04702518760196159	0.04658020793622775	0.04599108431939172	0.04528903181008384	0.04451029749202101	0.04369366477062556	0.042877951466426006	0.042099729036639	0.041391448893208255	0.040780101233233945	0.040286461545079616	0.03992491020799652	0.039703750654956044	0.039625908415611255	0.03968987081512293	0.039890725525614346	0.04022117275900705	0.04067241553789283	0.04123486886442185	0.04189866538399181	0.04265396697665022	0.043491114984941126	0.04440066489768124	0.04537335456400868	0.04640005021405835	0.04747170440164181	0.04857934739011546	0.049714121086879504	0.05086735430819628	0.05203067097211311	0.05319611898760862	0.054356306693713	0.055504534870922384	0.05663491464265735	0.05774246415235498	0.05882317913726773	0.0598740741289481	0.06089319199273399	0.06187958009504557	0.06283323189596537	0.06375499355057032	0.06464643642257512	0.06550969836905665	0.0663472991585074	0.06716193816911359	0.06795628517501415	0.06873277709181971	0.06949343456867335	0.07023971193899875	0.0709723921205189	0.07169153466309025	0.07239648058017081	0.0730859124770632	0.07375796315560076	0.07441036159621994	0.07504060178781091	0.07564611843471156	0.07622445377854747	0.07677340195391677	0.07729112051024634	0.07777620320195863	0.07822771266484102	0.07864517580437635	0.07902854806320997	0.0793781551098807	0.07969462132823812	0.07997879428807594	0.08023167346619314	0.08045434827474701	0.08064795019639184	0.08081362047613874	0.08095249219757655	0.08106568505606543	0.08115430992680916	0.08121947977409316	0.08126232347544221	0.08128399955547219	0.08128570751544129	0.08126869549310325	0.08123426477353896	0.081183772145375	0.08111861671128515	0.08104021340705614	0.08094999128655173	0.08084938782084697	0.0807398290806568	0.08062269458569071	0.08049930514609302	0.08037094055235813	0.08023887163632332	0.08010411335349116	0.07996761708393771	0.07983026602155163	0.07969284039696625	0.07955599817906925	0.07942028478315519	0.07928613921644864	0.07915390129594616	0.07902382086635629	0.07889606855185888	0.07877074770277773	0.07864790822368015	0.07852756448839565	0.07840971820874743	0.07829437611806842	0.07818153528578914	0.07807111955673471	0.07796291214046605	0.07785654713630333	0.0777515447103237	0.07764734524989297	0.07754333080720804	0.07743883948085534	0.07733317834631254	0.07722563716827902	0.07711550172296902	0.07700206380989966	0.07688462501217871	0.07676249290535025	0.07663497264611524	0.07650136229907348	0.07636096064894138	0.07621308879135003	0.076057119584714	0.07589250990445681	0.07571883580815564	0.07553583026997149	0.07534340967528849	0.07514165742031662	0.07493075227372206	0.07471089716084015	0.07448231407017367	0.07424527931246958	0.07400012956016874	0.07374722583673088	0.07348691242236832	0.07321949589970222	0.0729452417610747	0.07266437912099988	0.07237710838774174	0.07208361027927059	0.07178405585376105	0.07147861723383453	0.07116747826264645	0.0708508442154543	0.07052895046960568	0.07020207115134744	0.06987052824925256	0.06953469861633516	0.06919501357785565	0.068851947216413	0.0685059940357531	0.06815764051099794	0.06780733573603565	0.06745546496403494	0.06710232819711855	0.06674812499010299	0.06639294614186558	0.06603677252742678	0.06567948076410043	0.06532085475813848	0.06496060158874208	0.06459836978594047	0.06423376796519346	0.06386638208652774	0.0634957902902776	0.06312157512121741	0.06274333367884702	0.06236068661522111	0.061973286957930473	0.06158082961368984	0.06118306220479251	0.06077979757681905	0.060370927826779414	0.059956439071132406	0.0595364255646168	0.05911110138369127	0.058680807801224824	0.05824601467929724	0.05780731462361055	0.05736540924755511	0.056921087709325136	0.0564751986964523	0.056028618088374615	0.05558221534788034	0.05513682198876764	0.05469320510223291	0.05425204799489046	0.053813938791156674	0.05337936674112545	0.05294872521850451	0.05252232007116778	0.052100382006420684	0.051683081876761655	0.0512705479020468	0.05086288388898576	0.050460187337276724	0.050062566016047624	0.049670151328313386
0.7853981633974483	0.4193992414413184	0.41873195460014706	0.41763932989847125	0.416147837679842	0.4142910986739275	0.41210743920830073	0.40963721007764947	0.4069201393269534	0.4039929732563381	0.40088761461861044	0.397629899756575	0.39423907742739217	0.3907279723244283	0.3871037460715504	0.3833691156926213	0.3795238589482334	0.37556642855013656	0.37149551081080634	0.36731139387700845	0.36301704997670203	0.3586188784564167	0.3541270959843417	0.3495557928939887	0.3449226979286515	0.3402487071986791	0.33555723809752375	0.33087346733014	0.3262235065429079	0.3216335615864012	0.3171291139189196	0.31273415607272936	0.3084705077509518	0.30435723474618637	0.30041018890447263	0.2966416831668073	0.2930603108114441	0.28967091217154983	0.2864746854117978	0.2834694308042637	0.28064991094841085	0.2780083032278611	0.2755347161574911	0.27321773868095056	0.27104499124152326	0.2690036496082842	0.267080916753416	0.2652644240533345	0.2635425500537839	0.261904652227963	0.26034121382288294	0.2588439133987554	0.2574056285916207	0.2560203878151217	0.2546832839879787	0.2533903637076329	0.2521385030500969	0.25092527917008456	0.2497488443482729	0.24860780723123924	0.24750112427706253	0.2464280037581815	0.24538782382619725	0.24438006574893953	0.24340426325888578	0.2424599680735206	0.24154673094155477	0.24066409649704282	0.23981160901631915	0.23898882454634707	0.23819532599464185	0.23743073482536703	0.23669471466772982	0.23598696422514343	0.2353071967431535	0.23465510557972594	0.2340303174859945	0.2334323369724014	0.23286048655740413	0.23231384854462686	0.23179121381322934	0.23129104118086907	0.23081143027386686	0.23035013168813823	0.22990459339509806	0.2294719867631052	0.22904925399949297	0.22863319330979445	0.2282205797765795	0.2278082487091453	0.22739313601049693	0.2269722454967666	0.2265431764129461	0.22610376549773678	0.22565217889676367	0.22518700255890411	0.2247072206838025	0.22421219984699	0.2237016667146682	0.2231756747213987	0.22263456526357228	0.22207892599513152	0.22150954754251112	0.22092737765721665	0.22033346916753624	0.21972892075358558	0.2191148280794176	0.21849228784746824	0.21786247381753954	0.217226708904472	0.21658644078984388	0.21594315576268935	0.21529831155612217	0.21465330578175604	0.21400945653652384	0.2133679793622922	0.21272996234560265	0.21209634665466476	0.2114679177236323	0.21084531022777642	0.21022902738625093	0.2096194683704443	0.20901694902616677	0.20842170170378335	0.2078338536377503	0.207253395075015	0.2066801453895575	0.20611371528659492	0.2055534628343479	0.2049984627615903	0.20444753641237656	0.20389935704487672	0.20335254671056047	0.20280568658099407	0.20225729870433068	0.20170587888838606	0.20114996234434618	0.2005881754782289	0.2000192658248946	0.19944212376847587	0.19885580557840815	0.19825955839366144	0.19765284463573946	0.1970353640831087	0.19640707293905765	0.1957681999256206	0.19511925932093643	0.19446105935000535	0.19379470263795778	0.19312157677286015	0.19244333790715534	0.19176189316776687	0.19107938398642046	0.1903981665738966	0.18972078453918198	0.18904993231621278	0.188388411564143	0.18773908294018543	0.1871048140735731	0.18648842380204395	0.18589262339582885	0.18531995682603405	0.18477274343660346	0.1842530273156671	0.18376253801370288	0.18330266679043963	0.1828744611033076	0.18247863762392577	0.18211561114038272	0.18178553406426848	0.1814883396735383	0.18122378203738393	0.18099146665461693	0.18079086778803638	0.18062133085883472	0.18048206070436812	0.1803720986649764	0.180290293047281	0.18023526830732786	0.18020539828308513	0.18019878813709606	0.180213268575249	0.18024640456873767	0.18029551933188026	0.18035773281580353	0.18043001267376302	0.18050923479050307	0.18059225018432473	0.18067595528559144	0.18075736296850978	0.18083367195060407	0.18090233213870327	0.18096110328566536	0.18100810415084734	0.18104184941487017	0.18106127194996186	0.18106572868939397	0.18105498929809555	0.18102920815845955	0.18098888177999825	0.18093479535929538
1.0471975511965976	0.18985765668978377	0.18966914761708203	0.18936927571960532	0.1889784813391367	0.188523020421406	0.18803275873918246	0.187538751442421	0.18707086265606637	0.1866556618493048	0.18631478701854634	0.186063897250246	0.18591225945364956	0.1858629373088136	0.18591348511891587	0.1860570031336167	0.1862833883400091	0.18658061613559893	0.18693591057491743	0.18733669819933907	0.18777128553724354	0.18822924578138922	0.18870153954086755	0.1891804234482446	0.1896592166026456	0.19013199843393758	0.19059330452208237	0.19103787234438646	0.19146047047275547	0.19185582583302888	0.19221864700916172	0.19254372899877348	0.19282611705246483	0.1930613041092099	0.19324543707264966	0.1933755105952694	0.1934495319031561	0.1934666453968008	0.19342721048112405	0.1933328298362424	0.19318632800487828	0.19299168188569382	0.19275390580831878	0.19247889472057292	0.192173230001175	0.19184395375920685	0.19149831925442481	0.19114352713574048	0.19078645924407375	0.19043342335029978	0.19008992296824667	0.18976046593991647	0.1894484236476819	0.1891559494700131	0.1888839608234269	0.1886321840115812	0.1883992562371386	0.1881828745004825	0.18797997787899878	0.18778694774466498	0.1875998106207252	0.18741442937647912	0.18722667181640398	0.18703254876770034	0.18682831816515272	0.18661055513433086	0.1863761912415032	0.18612252830156373	0.18584723325981997	0.1855483214067663	0.18522413385947228	0.18487331465806225	0.18449479121508164	0.18408776007537578	0.18365167904492546	0.1831862652861928	0.18269149813717664	0.18216762491170138	0.18161516769377312	0.1810349291684401	0.1804279959686921	0.17979573885406291	0.1791398071759924	0.17846210833032405	0.17776478566816015	0.1770502051097357	0.1763209242996748	0.17557964785779798	0.17482917065912695	0.17407233947197004	0.1733120058654265	0.1725510308578869	0.1717920797461738	0.17103779041140002	0.17029060273458205	0.1695527469583756	0.16882621922002988	0.1681127595681604	0.16741384226240075	0.16673067213167123	0.16606418733947922	0.16541506820886326	0.1647837521555251	0.16417045525992494	0.1635752013066324	0.16299785686758397	0.16243816319935947	0.16189575011727872	0.1613701269101532	0.16086067080298172	0.1603666416761315	0.15988721166922004	0.15942148892803468	0.15896854055165233	0.1585274179358691	0.1580971786745418	0.15767690230860967	0.15726569996949552	0.15686271697718301	0.15646712692421053	0.1560781174655135	0.15569487164268217	0.1553165513487934	0.15494228721104958	0.15457117366126913	0.15420226732431985	0.1538345918236336	0.1534671543562165	0.15309897353640756	0.15272910550739216	0.1523566495318255	0.15198073982745333	0.15160055815799545	0.15121535897263924	0.15082446049004977	0.15042721148651778	0.15002297273680654	0.14961111674037617	0.14919103395841393	0.14876214135372548	0.1483238933347994	0.14787579465300535	0.14741741498481134	0.1469484058023882	0.14646852001360822	0.14597763387410817	0.14547576973486295	0.14496311779419147	0.14444005469988672	0.14390715592524084	0.14336519849063564	0.1428151527356747	0.14225816493472765	0.14169553314087296	0.14112867720315117	0.1405591035510794	0.1399883664681425	0.1394180283122576	0.13884962094793082	0.13828461032238407	0.13772436595405632	0.13717013679976633	0.13662303432041725	0.13608402268978007	0.13555391526209978	0.13503337587665962	0.1345229234327682	0.13402293836600432	0.13353367006309655	0.13305524472932365	0.13258767365112073	0.13213086207762795	0.13168461900339168	0.13124866794871282	0.13082265846240332	0.13040617765071086	0.12999876074042704	0.12959989965793753	0.12920904890247922	0.12882562854836202	0.128449024868925	0.12807858963951774	0.1277136394957455	0.12735345675138615	0.12699729288793402	0.1266443756415601	0.12629392032608586	0.12594514574200494	0.12559729465449324	0.12524965830614704	0.12490160378482691	0.1245526024307466	0.12420225702232145	0.12385032535016265	0.1234967379886287	0.12314160854843127	0.12278523536409536	0.1224280943375886	0.12207082338705319	0.12171419949871043	0.12135910968938698
1.3089969389957472	0.3188455328352673	0.31811618047491635	0.31692343360670805	0.31529943730970655	0.31328582865234755	0.3109309543008328	0.30828679164628564	0.3054058771654493	0.3023385281068022	0.2991305925914183	0.2958218873858281	0.2924453935124057	0.289027190175813	0.28558702897004123	0.28213939214798034	0.2786948462694568	0.2752614969526189	0.27184636894429526	0.26845657244342724	0.26510016393343516	0.2617866597310397	0.25852720600790585	0.25533444504273606	0.25222214114450864	0.2492046406623667	0.24629624035591302	0.24351053004953194	0.24085976239515725	0.2383542880215488	0.23600208096523187	0.2338083686816919	0.23177537370756882	0.22990216987689918	0.22818465397023663	0.22661563260612871	0.225185022928085	0.22388016334968708	0.22268622689183784	0.2215867245606217	0.22056408028557795	0.21960025298752614	0.21867737633275347	0.21777838357444418	0.21688758429122035	0.21599116217804207	0.21507756828808558	0.21413779181115067	0.21316549979668803	0.21215704714044356	0.21111136752433318	0.21002976379248484	0.20891562166033525	0.20777407327118652	0.2066116367701925	0.20543585547031507	0.20425495534765115	0.20307753417341584	0.20191228970360361	0.20076778938156936	0.19965227970807398	0.1985735314926826	0.1975387155259321	0.19655430380541522	0.19562599198921674	0.19475864021229916	0.19395623046690458	0.19322183960160122	0.1925576274302997	0.19196483859817773	0.1914438171692059	0.1909940322679676	0.19061411203869327	0.19030188306454693	0.19005441292558586	0.18986805395235584	0.18973848711388783	0.18966076615994637	0.18962936325924992	0.1896382182507647	0.18968079375150515	0.18975013758389242	0.18983895722092334	0.18993971761743553	0.19004475120084602	0.19014636347335398	0.19023695488574865	0.1903091575827867	0.19035598735712364	0.19037096059233485	0.19034821887428943	0.19028242794041586	0.19016931004135101	0.19000536574513563	0.1897880167735562	0.18951557520803425	0.18918724231385606	0.1888030733531011	0.18836392793872644	0.1878714069970297	0.18732778068185385	0.18673591015201843	0.18609916524712447	0.1854213386078549	0.18470655520700396	0.18395917904336084	0.18318373097896487	0.18238483895625235	0.1815672205112306	0.18073566568085847	0.17989499160010677	0.1790499749902617	0.17820527467107583	0.17736535714946317	0.17653443442505667	0.17571641121023382	0.17491483892109919	0.17413287910310332	0.17337327988717013	0.1726383678193283	0.17193005533211025	0.17124985994912567	0.17059892700561716	0.16997804815002351	0.16938767238110247	0.16882790879461781	0.16829852007009008	0.1677989062063859	0.16732808182080805	0.16688466250114714	0.1664668850545078	0.16607265972203766	0.16569961991629775	0.16534516644656108	0.1650065285883182	0.16468083052797555	0.16436514567491134	0.16405654241991152	0.1637521276422865	0.16344909240740707	0.16314476277066794	0.16283665373231285	0.1625225221298541	0.16220041525523884	0.16186871337814285	0.16152616536806277	0.1611719170423795	0.16080553136293077	0.1604269987818854	0.16003673634856158	0.15963557537843093	0.15922473781963276	0.1588058012176855	0.15838065262607254	0.157951432531548	0.15752047059153038	0.15709021580783994	0.15666316390210094	0.15624178399493363	0.1558284461597563	0.1554253514820195	0.15503446666942353	0.15465746575458494	0.15429568185708642	0.1539500721588003	0.1536211989798557	0.15330922894436036	0.15301395066758658	0.15273480938964204	0.15247095496143545	0.15222129807384033	0.15198456899408894	0.15175937344537363	0.15154424148025217	0.15133766693038855	0.15113813686917257	0.1509441521123597	0.1507542408063117	0.15056696748675907	0.1503809397167715	0.15019481378137747	0.150007300234382	0.1498171696031823	0.14962325836778217	0.14942447540924222	0.14921980934107712	0.14900833732868765	0.148789236027877	0.14856179507408732	0.14832543316802163	0.14807971634176395	0.1478243775800977	0.14755933670584842	0.1472847193373424	0.14700087373227141	0.1467083843358998	0.14640808076731646	0.1461010408239836	0.1457885859926448	0.1454722680807476	0.14515384600459577
1.5707963267948966	0.21920590338477985	0.21903550166863361	0.21876477575956832	0.21841231474931022	0.21800158589273844	0.21755868753396057	0.21710991913288424	0.21667944707490505	0.21628732133880457	0.21594804182901384	0.21566979370415662	0.21545438084588286	0.2152977991211945	0.2151913184589309	0.2151228940551766	0.21507870700257214	0.21504464334010387	0.21500755365580582	0.21495618542364725	0.21488173798796062	0.21477804624313857	0.214641445745551	0.2144704038956633	0.2142650166194522	0.21402646830048733	0.21375653762374625	0.21345720808936075	0.21313041438848834	0.2127779293798111	0.2124013747621596	0.21200232393091822	0.21158245860677793	0.21114374095633026	0.2106885684409162	0.2102198873969684	0.20974125120135967	0.20925681798616957	0.20877129000046113	0.20828980131146313	0.2078177626683475	0.20736067258204038	0.20692390284756013	0.20651246574774218	0.2061307697730328	0.20578237131115917	0.20546973146058412	0.2051939895819488	0.20495476780127675	0.20475002263469155	0.20457596044739157	0.2044270319904259	0.20429601750652326	0.2041742079601192	0.20405168044108524	0.2039176573607988	0.20376093106792248	0.20357032876652736	0.2033351882237613	0.2030458131368763	0.2026938790720486	0.20227276474960898	0.20177779097800597	0.2012063573730012	0.20055797586786395	0.19983420782624717	0.19903851822014684	0.1981760646767039	0.19725344122782362	0.19627839719106288	0.1952595494556415	0.19420610208335654	0.1931275846789644	0.19203361648135286	0.19093369940130256	0.18983704036991877	0.18875240131819238	0.18768797398391535	0.18665127639582546	0.18564906811870063	0.18468728206359697	0.18377097121700514	0.1829042663967484	0.18209034623392606	0.1813314290447836	0.18062877354342521	0.17998268527860783	0.1793925326478698	0.1788567759751346	0.17837301276060047	0.17793798856667808	0.17754778989106978	0.1771978012825678	0.1768828400353154	0.17659722956152435	0.17633491400291756	0.17608956289356525	0.17585469637852902	0.1756238122027809	0.1753905139492612	0.1751486375969079	0.1748923733030593	0.17461637950364006	0.1743158869737611	0.1739867910235937	0.17362572830777157	0.1732301304768198	0.17279825121850478	0.17232916944171073	0.17182276074006464	0.17127964595441902	0.17070113875376913	0.17008919384772847	0.16944635017426524	0.16877566760437945	0.16808065633888758	0.16736519825762808	0.16663346120900868	0.16588980699370548	0.16513869322093966	0.16438457031541243	0.1636317773305186	0.16288444177293926	0.162146387752496	0.16142105534890216	0.16071143422450973	0.1600200151412331	0.1593487624262061	0.15869910710201474	0.15807195432242793	0.1574676983295834	0.15688625010999635	0.15632707669819212	0.15578922559435227	0.15527133023951767	0.15477162722131466	0.15428800229029216	0.1538180589070154	0.1533591961232914	0.15290868732162732	0.15246375788167799	0.15202166086582947	0.15157974969156351	0.15113554747355396	0.15068681274854612	0.15023160045930906	0.14976831605091	0.14929575981967536	0.14881315827523056	0.14832017937710762	0.14781692992283157	0.14730393602590253	0.1467821095130667	0.14625270296395787	0.14571725531163815	0.145177530049185	0.1446354489832299	0.14409302497752974	0.1435522969880686	0.1430152704530161	0.1424838658746732	0.141959877864421	0.14144494584257528	0.14094053621006153	0.14044793456685023	0.13996824580731215	0.1395023997700786	0.13905116037454845	0.1386151365505709	0.1381947935731732	0.13779046362190617	0.1374023545460198	0.13703055596678926	0.1366750419889804	0.13633566994743207	0.13601217486026518	0.13570415969406413	0.1354110822066923	0.13513223995084644	0.1348667558307911	0.1346135672002583	0.1343714216926013	0.13413888269155472	0.1339143466092635	0.13369607308230314	0.13348222803756604	0.1332709385081784	0.13306035718228282	0.13284873390948648	0.1326344906767526	0.13241629585298664	0.1321931328711866	0.13196435816311425	0.13172974329621778	0.13148949701277346	0.13124426423434354	0.13099510095748879	0.13074342613134715	0.1304909537949287	0.130239610617515	0.12999144519825712
1.832595714594046	0.2907976257185412	0.2900512545265403	0.2888328980761118	0.2871796119520976	0.2851399489591211	0.2827707559505071	0.28013360771863133	0.27729122493984915	0.2743042015686281	0.2712283070324739	0.2681125405584763	0.2649980129203392	0.2619176299018141	0.2588964655763338	0.25595265245839327	0.25309858528673274	0.2503422360266717	0.24768840523237134	0.24513978124224137	0.24269773399896877	0.24036282479086177	0.23813505873074764	0.23601393792624278	0.23399838794495	0.23208662938468716	0.2302760536317261	0.2285631421720482	0.22694344734993768	0.22541163376295992	0.2239615666207723	0.22258642768315634	0.2212788404217735	0.22003099207436325	0.21883474876899528	0.21768176824458685	0.21656362066051665	0.21547193016686939	0.214398547885673	0.21333576127886253	0.2122765368429368	0.21121478438644295	0.2101456235835653	0.2090656285448375	0.2079730247620195	0.2068678152595099	0.20575181873416767	0.20462861093419127	0.20350337018714232	0.20238263737754195	0.20127400844853288	0.20018578265229015	0.1991265917608497	0.19810503429070975	0.197129334890721	0.19620704352761154	0.1953447826588267	0.19454804469202364	0.19382103735111147	0.1931665718719794	0.19258598785004	0.19207911018404306	0.1916442353997429	0.19127814751279099	0.19097616635087541	0.1907322324392392	0.19053903290019514	0.19038817123221424	0.19027038118416645	0.1901757803961628	0.19009415571337762	0.19001526935328647	0.18992917062350206	0.18982649717159206	0.1896987499634382	0.18953852794194592	0.18933971144079906	0.18909758747162092	0.18880891445558098	0.18847192821372627	0.1880862943279336	0.18765301443400112	0.18717429955397366	0.1866534208320955	0.18609454473233356	0.18550255928865436	0.18488289746419145	0.1842413764378992	0.18358404680634668	0.18291703881987517	0.18224646346275786	0.18157801794657039	0.18091728247420275	0.18026941893157286	0.17963904286667673	0.17903016398115223	0.17844609442559853	0.177889394274313	0.17736182777483359	0.17686433796170642	0.17639704073644008	0.17595923861729215	0.17554945328940977	0.17516547456289275	0.17480442203276814	0.17446281824357396	0.17413668146950925	0.17382164761029856	0.1735131142301639	0.17320639266880145	0.17289684812595033	0.17258001573425863	0.17225170238915882	0.17190808012990938	0.17154576994540432	0.17116191455102334	0.170754238424657	0.17032109603593626	0.1698615104508908	0.1693752040844722	0.16886262196384133	0.1683249444473568	0.16776408244211236	0.16718264731134422	0.16658389023737935	0.16597160935290026	0.16535002582396305	0.16472363197593695	0.1640970183010933	0.1634746962337918	0.1628609406470321	0.1622596617167979	0.16167430646737344	0.1611077932748424	0.16056245991955181	0.16004000691590592	0.15954144548626387	0.15906706930539893	0.15861645851565873	0.15818851511959853	0.1577815278305795	0.15739326164365655	0.15702106522191153	0.1566619896759592	0.15631291337158287	0.15597066828636344	0.15563216396149238	0.1552945048691092	0.15495509630518903	0.15461173375890558	0.15426267141988226	0.15390666658656027	0.15354299827436668	0.1531714603321213	0.15279233133370893	0.15240632492568376	0.15201452485532185	0.15161830852920477	0.1512192622901389	0.1508190914366406	0.15041952845284765	0.15002224363755548	0.14962876306056389	0.1492403993144707	0.14885820052808724	0.14848292218176207	0.1481150242457732	0.14775469329057797	0.14740188611888463	0.14705638889625508	0.14671788424860632	0.14638601849977004	0.1460604619700522	0.14574095675477902	0.14542734836675417	0.14511959978797848	0.1448177885344483	0.1445220889861055	0.1442327432588163	0.14395002427696788	0.1436741946193554	0.14340546441849325	0.14314395129720636	0.14288964508803392	0.1426423798318653	0.14240181516489195	0.14216742857501866	0.14193851912888264	0.14171422224594685	0.1414935341285786	0.14127534377217973	0.14105847023718787	0.14084170308503002	0.1406238444152019	0.14040375151940696	0.14018037950519927	0.1399528231556925	0.13972035678008507	0.13948247004229178	0.13923889701654923	0.13898963531818
2.0943951023931953	0.22928607164677267	0.22912182012743915	0.22886054803273237	0.2285193552117356	0.22811944398188483	0.22768385211690323	0.22723504489784668	0.22679266844027524	0.2263717344731794	0.22598143786218758	0.22562471424779332	0.2252985414461667	0.22499489074800605	0.22470215706029945	0.22440684995474378	0.22409531559203458	0.22375528080009635	0.22337705874339797	0.22295432044582852	0.22248440615350729	0.22196821393805816	0.22140975123452272	0.22081546299168214	0.220193456660058	0.2195527319533328	0.21890249754547478	0.2182516243697783	0.21760825271505888	0.21697954338520029	0.2163715452793227	0.2157891440002559	0.21523605750229557	0.21471485276885055	0.21422696870850857	0.21377274154777906	0.21335143735830558	0.21296130048909917	0.21259962633295176	0.2122628628907549	0.21194673960057397	0.21164641574909582	0.21135663619513798	0.21107188029914067	0.2107864913308046	0.21049477791801205	0.21019108536266232	0.20986984154033092	0.20952558817094438	0.20915301223052968	0.20874699333124835	0.20830268074208153	0.20781560867642693	0.2072818513482174	0.20669821136968275	0.20606242748478018	0.2053733818400399	0.20463128386952617	0.20383780784758398	0.2029961642413492	0.20211109132239372	0.20118876043866074	0.20023659750828385	0.1992630309309014	0.19827718285379053	0.1972885249638798	0.19630652194213097	0.1953402848670665	0.1943982538017198	0.19348792492210592	0.19261563232367812	0.19178638784340504	0.19100377952080502	0.19026992527111294	0.1895854761779489	0.18894966299246402	0.1883603795732808	0.1878142978281727	0.18730700975493308	0.18683319305649482	0.18638679735745958	0.18596124738849157	0.1855496557822612	0.18514504901812218	0.18474060191593014	0.1843298533404222	0.1839069075236571	0.1834666110405854	0.18300470868935964	0.1825179532522262	0.18200410498827785	0.1814621563200812	0.18089217814877043	0.18029524831868324	0.17967340088723158	0.17902949306040442	0.17836705187067714	0.177690117616992	0.17700307537658622	0.17631048466033364	0.17561691329775972	0.17492678104414028	0.17424421754108654	0.17357293846045382	0.1729161427597028	0.1722764312074855	0.17165574228558142	0.1710553076365853	0.170475633557111	0.16991649084675575	0.16937690880492326	0.16885520080650168	0.16834902879878968	0.16785549664041471	0.1673712646323114	0.16689267957800089	0.16641591421567123	0.16593711080956514	0.16545252294075474	0.1649586484249916	0.1644523468762716	0.1639309375124767	0.16339227509697013	0.16283480393111527	0.16225759220788402	0.16166035059590295	0.1610434384397154	0.16040785964216087	0.15975524790978407	0.15908783690146133	0.1584084110722316	0.15772023812207234	0.1570269698047615	0.15633249445943884	0.15564077145341126	0.15495568381486585	0.15428090971278718	0.15361980824789725	0.1529753201776971	0.1523498858372848	0.15174538531629983	0.1511631047802273	0.1506037308060383	0.15006737349681407	0.14955361751474233	0.1490615979666346	0.14859009589433672	0.14813764630306736	0.14770265032990984	0.1472834827149067	0.14687858677632745	0.14648655108420922	0.14610616358806033	0.1457364401272465	0.14537662620068023	0.14502617370873014	0.14468469709040255	0.14435191505986197	0.14402758511331995	0.14371143853397697	0.14340312365366206	0.14310216423859043	0.1428079379437541	0.1425196771286885	0.14223649148982562	0.14195740948646815	0.14168143375039607	0.14140760461120483	0.1411350654054079	0.14086312326896752	0.14059129966816802	0.14031936604555914	0.1400473615332562	0.13977559141476525	0.1395046065617176	0.13923516525496885	0.13896817967136765	0.13870465005989582	0.13844559038207013	0.13819194993451736	0.13794453605277707	0.13770394323587548	0.13747049383247872	0.13724419480511313	0.1370247141311092	0.1368113792265709	0.13660319849524397	0.13639890576237007	0.13619702595607483	0.13599595893085398	0.1357940768212486	0.13558982888722879	0.13538184665908415	0.13516904152653306	0.13495068693655798	0.13472647819988537	0.13449656460011516	0.13426155095707948	0.13402246873546256	0.13378071975794537	0.13353799807396996
2.356194490192345	0.28012261042092784	0.27936994836092427	0.27814330935520537	0.27648367942764207	0.27444506297554816	0.27209084243921094	0.2694897137178691	0.2667115905270694	0.26382384443568696	0.2608881773762139	0.25795832278235065	0.2550786568220007	0.25228369002206297	0.24959831744661	0.24703864355317517	0.24461317102826657	0.24232415013640135	0.24016891979696037	0.23814112339907545	0.2362317394772016	0.23442991883663553	0.2327236573256829	0.23110035292117215	0.22954729707962757	0.22805213702945057	0.22660332390737092	0.2251905383214591	0.2238050663204511	0.22244008922283257	0.22109085206903173	0.21975468670320783	0.21843088360152782	0.2171204272083242	0.21582562817874737	0.2145496987897479	0.21329632258929243	0.21206926563523837	0.2108720656843207	0.2097078199817693	0.20857907508586154	0.2074878066126882	0.2064354654295497	0.2054230611275584	0.20445125381892756	0.20352043057161562	0.20263075143713627	0.20178215997053703	0.20097436234803912	0.20020678603495426	0.19947853247868727	0.1987883382960305	0.19813455637806043	0.19751516327651863	0.19692779334612895	0.19636979489826595	0.19583829975230918	0.19533029599954074	0.1948426944584911	0.19437238207262764	0.19391625908744106	0.1934712618074978	0.19303437605869253	0.19260264927843776	0.19217321004400478	0.19174330265428016	0.19131034169974132	0.1908719875574766	0.19042623947301365	0.189971538052282	0.18950686612044462	0.18903183625266698	0.18854675198446352	0.18805263192308824	0.18755118976078403	0.18704476739437226	0.18653622313821777	0.18602878160565284	0.185525855584777	0.18503085271303493	0.18454698051743393	0.18407706296350035	0.18362338282157203	0.18318755490535035	0.18277044173743195	0.18237211108620502	0.18199183010507905	0.1816281057844525	0.18127875250790462	0.18094098436262798	0.18061158421416482	0.1802867401357031	0.179962593399662	0.1796352155433913	0.17930072208406728	0.17895540324266862	0.17859584831924635	0.1782190602078558	0.17782255433377636	0.17740444033268898	0.1769634838038912	0.17649914531988997	0.17601159418197188	0.17550169437870106	0.17497096042618862	0.17442148519725031	0.17385585384319363	0.17327706057651662	0.17268842440811677	0.17209349515723482	0.17149594728791964	0.17089945551411986	0.17030755861489755	0.16972352836222368	0.16915025439287382	0.16859014686814475	0.16804505695862026	0.1675162183966551	0.1670042142872986	0.16650897273040605	0.16602979365388704	0.16556540619042512	0.16511405126354806	0.16467358042460165	0.1642415610213635	0.16381537935067025	0.1633923362417622	0.1629697312182165	0.16254493355026622	0.16211544696472216	0.16167898230464675	0.16123354118487626	0.16077750586492437	0.16030972972813198	0.1598295999392609	0.15933705270272808	0.15883255301487864	0.15831705488249967	0.1577919470880861	0.15725898772616853	0.1567202334956773	0.1561779672382363	0.15563462526268418	0.1550927267068985	0.15455480791483062	0.15402336473498743	0.15350080485352996	0.15298941070273622	0.1524913116130045	0.1520084627985545	0.15154262875555832	0.15109536894761952	0.1506680239060555	0.15026170013737533	0.14987725257291673	0.149515263955234	0.14917602129791033	0.14885948980018016	0.14856528460569027	0.14829264130432437	0.14804038716514997	0.14780691633846518	0.14759017338121194	0.14738765030973114	0.14719640277048981	0.14701309052402045	0.14683404597092836	0.14665537188276273	0.14647306617920466	0.1462831681153044	0.14608191721416514	0.14586591415057756	0.145632271838405	0.14537874533063314	0.14510383076138228	0.1448068261890528	0.1444878504205825	0.1441478192548824	0.14378838171538488	0.1434118215186177	0.1430209311186362	0.14261886709962884	0.1422089964324334	0.14179474320308924	0.14137944494992793	0.14096622678085105	0.14055789999047177	0.14015688993240785	0.13976519546094332	0.13938437950707055	0.1390155875992108	0.1386595887527199	0.1383168314817037	0.1379875069526115	0.13767161154177054	0.13736900215379158	0.13707943937693798	0.1368026156242018	0.1365381675609224	0.13628567411042075	0.13604464298243119
2.6179938779914944	0.23328467239195333	0.23312282542796117	0.23286502187952202	0.23252734578469106	0.23212946340286203	0.23169236156678635	0.23123598295460354	0.23077707650816012	0.23032754111611048	0.2298934607108469	0.22947492317496337	0.22906660163329415	0.22865897298888518	0.22823997042286612	0.22779682429064585	0.22731784302812558	0.22679391913499858	0.22621960610156366	0.225593687689247	0.22491923755411625	0.22420323255591326	0.22345582845957454	0.22268942803667358	0.2219176695937719	0.22115444354788252	0.22041301326908652	0.21970528220259086	0.21904121945601482	0.21842843546293694	0.21787188989759299	0.2173737146769254	0.2169331423571118	0.2165465400647429	0.21620755690066717	0.21590739522316676	0.21563521184850118	0.2153786444811003	0.21512444379988135	0.21485917586083922	0.21456994636917898	0.2142450909167802	0.2138747752863133	0.21345145770355906	0.21297017929770826	0.21242866765636642	0.21182725824013565	0.21116865650985686	0.21045757738947155	0.20970030652704752	0.20890422923292634	0.20807736854375372	0.20722796503204555	0.20636411968336546	0.2054935095433349	0.2046231755375468	0.2037593743836122	0.20290748237865786	0.20207193798414616	0.20125621189341997	0.20046279727927027	0.1996932163977716	0.19894804420859388	0.19822695176555943	0.19752877318696638	0.1968515990781705	0.1961928970527214	0.1955496568266059	0.19491855388963683	0.19429612339296826	0.19367893409882891	0.19306375046440846	0.1924476730351887	0.19182824935066572	0.191203550506938	0.19057221192908558	0.18993344030960735	0.1892869915192376	0.18863312623311893	0.18797255086787323	0.18730635125034603	0.1866359245223737	0.18596291096013554	0.18528913949720513	0.18461658120419294	0.1839472950116593	0.18328337265014985	0.18262688155678852	0.1819798231170498	0.1813440681920548	0.18072121432220353	0.180112718622777	0.17951969629219877	0.17894285703383886	0.17838246899139693	0.17783832240309314	0.17730970542544214	0.17679540554940062	0.17629373208028712	0.17580255867717362	0.1753193848243439	0.1748414137210874	0.17436564359814574	0.17388896950847235	0.1734082927242902	0.17292063245035233	0.17242322843263228	0.17191362678651495	0.1713897561834268	0.17084998951845506	0.17029317996361168	0.169718683026291	0.16912637200684943	0.1685166427575091	0.16789040444823788	0.16724905333618129	0.16659442791321044	0.1659287469502639	0.16525453244270488	0.1645745189324266	0.16389155134981065	0.16320847558798313	0.16252802857677576	0.1618527362926903	0.1611848282645903	0.16052617555062132	0.15987825669048736	0.1592421537284321	0.15861857692099005	0.1580079115497234	0.15741027891812429	0.15682560766020046	0.15625370015742587	0.15569426951121754	0.1551469549641777	0.1546113436409187	0.15408700706877998	0.15357354245884175	0.15307060599001776	0.15257793298680983	0.1520953469891192	0.1516227602143605	0.15116016753755007	0.1507076368852557	0.15026529909363445	0.149833339488185	0.14941199220951917	0.149001536978497	0.14860229665360228	0.1482146328720429	0.1478389370318285	0.1474756150092498	0.147125065120728	0.14678764905424374	0.14646365561299757	0.14615325820067024	0.14585646863732554	0.14557309100859178	0.14530267966765192	0.14504450575034566	0.14479753664150508	0.14456043233471833	0.14433156135980005	0.14410903709040324	0.14389077317894788	0.1436745550019919	0.1434581226015743	0.14323925975085483	0.14301588341483237	0.1427861279796236	0.14254841917977845	0.1423015336189882	0.14204464100916964	0.141777327527692	0.1414995998329283	0.14121187023090284	0.14091492430769256	0.14060987311179515	0.14029809271355184	0.13998115464621608	0.13966075126960623	0.13933862040804826	0.1390164736284753	0.1386959322121082	0.138378474268402	0.1380653956305217	0.13775778624566926	0.1374565227717091	0.13716227701608036	0.13687553872617386	0.13659665014833636	0.13632584884995616	0.1360633146705783	0.135809216397328	0.13556375384156077	0.135327191388916	0.13509987977425447	0.1348822637782618	0.13467487470624523	0.13447830778290948	0.13429318583115263
2.8797932657906435	0.27615752444208774	0.2754025938248851	0.2741734102744534	0.2725131553942203	0.27047883887686963	0.26813737342568844	0.2655611892086328	0.26282381215820216	0.2599958005388504	0.25714135757622114	0.254315829019335	0.2515641717580217	0.24892036218950642	0.24640761744437945	0.24403924011530298	0.24181987229796864	0.23974695515996403	0.23781222773882182	0.23600315144104944	0.23430420197702817	0.23269801701461357	0.2311664180587657	0.2296913360443984	0.22825566364609529	0.22684403887993843	0.22544354179894088	0.22404426671092248	0.2226397224968737	0.221227016529689	0.21980679327411656	0.21838292370648238	0.2169619709248518	0.2155524846403275	0.2141641971743522	0.2128072024207821	0.21149119568148245	0.2102248375911886	0.20901528282709547	0.20786788849619897	0.2067860927601023	0.2057714353835347	0.20482368099554815	0.20394100363551415	0.20312019657792124	0.20235688211632819	0.20164570886419186	0.20098053612606204	0.20035461355052908	0.19976076817329125	0.19919160985654716	0.19863976088851898	0.19809810775895043	0.19756006489210887	0.19701983322669248	0.196472632681721	0.1959148871385702	0.19534434398910439	0.19476011658278514	0.1941626461199466	0.1935535876750878	0.1929356330880848	0.192312288377821	0.1916876262935303	0.1910660345387719	0.19045197745593834	0.18984978463366298	0.18926347447097924	0.18869661549667643	0.18815222314081786	0.18763268682941736	0.18713972124221528	0.186674334966703	0.1862368113328024	0.18582669878244967	0.18544281071195856	0.18508323708806934	0.18474537182204315	0.18442596051636917	0.18412117264482153	0.18382670037770227	0.18353788392445558	0.1832498623786593	0.1829577390553747	0.18265676466594039	0.18234251942757435	0.18201108102562757	0.18165917969805323	0.18128431184994215	0.18088482221108865	0.180460005620938	0.1800098005231227	0.1795351906095911	0.17903792172021726	0.17852039205363862	0.17798553182349353	0.17743665432112105	0.17687731279905639	0.17631115793471858	0.17574180176925208	0.17517269286746584	0.1746070052226883	0.17404754199815348	0.17349665343474813	0.17295616689801446	0.17242733049556797	0.17191078495918471	0.17140658352878624	0.17091424748607176	0.17043282206524002	0.16996092950336794	0.16949683474615468	0.1690385242769175	0.16858379472114304	0.1681303488052973	0.16767589369957292	0.16721823674984593	0.16675537606557217	0.1662855845214134	0.16580748643918747	0.1653201265665939	0.1648230287083201	0.16431623683082264	0.16380032908967962	0.16327639814051842	0.16274599684134838	0.16221105270677866	0.16167375597332578	0.16113642855391053	0.16060139036249482	0.16007084786176856	0.15954681719867142	0.15903107891405543	0.1585251584679923	0.1580303138776441	0.15754751556409186	0.15707742472030828	0.1566203840580152	0.15617642624167594	0.1557452989166193	0.15532650480865995	0.1549193529954307	0.15452301606460245	0.1541365888156908	0.15375914533111606	0.1533897920643401	0.15302771504068585	0.15267221904514588	0.1523227561005106	0.15197894090505742	0.15164055270583598	0.15130752495522393	0.15097992472699917	0.15065792355591723	0.15034176110442765	0.1500317032993853	0.14972799679429888	0.14943082110240685	0.14914023895803546	0.14885614544143938	0.14857821738229215	0.14830586601643975	0.14803819723625034	0.14777398464883418	0.14751166077807437	0.1472493310018816	0.1469848132573332	0.1467157043597922	0.14643947123671747	0.14615356278299635	0.1458555357168178	0.14554318602891253	0.14521467657472786	0.14486865117820386	0.14450432634521826	0.1441215533024543	0.1437208454674353	0.14330336937998095	0.14287090022938786	0.1424257459829305	0.14197064639166262	0.1415086545951963	0.14104300963693062	0.14057700806909107	0.14011388218583914	0.13965669146167586	0.13920823258204484	0.13877097201690985	0.1383470033497725	0.1379380295476157	0.13754536820412194	0.13716997580698187	0.13681248559581494	0.1364732528108381	0.13615240113035765	0.13584986475852173	0.13556542179368158	0.13529871602126253	0.13504926597463612	0.13481646182172558	0.1345995521918023
3.141592653589793	0.23438684885304495	0.23422565778337123	0.2339687551657681	0.23363186274525471	0.23323410190705118	0.23279573840661194	0.2323358393277235	0.23187016600715782	0.23140958319526206	0.23095918032354867	0.2305181904538689	0.23008067500985407	0.22963683673479918	0.22917474542007255	0.22868222106773173	0.22814862043145845	0.22756631128689486	0.22693168438294342	0.22624563227059258	0.22551350271446724	0.22474459965798688	0.22395134820551288	0.2231482583787534	0.22235081719005612	0.221574415648913	0.2208333848582451	0.22014018190974594	0.21950473891719624	0.21893397150938143	0.2184314373882501	0.21799713902911555	0.21762747301001317	0.21731533673975	0.21705040699056521	0.21681960076714635	0.21660771706479842	0.21639823969464667	0.21617426008712703	0.2159194592392133	0.215619074029042	0.21526076819103546	0.21483533380006214	0.2143371646475314	0.21376446609441246	0.21311919326941875	0.2124067367261966	0.211635398014399	0.21081571410767008	0.2099596976646061	0.20908005956638354	0.2081894722872646	0.20729991959775163	0.20642216249050604	0.20556533572985858	0.2047366759802689	0.20394137265184997	0.20318252673178927	0.20246120072283547	0.20177654336104345	0.2011259755049215	0.20050542561059626	0.1999096060788168	0.19933232219960106	0.1987668053708651	0.19820606042127964	0.19764321487396908	0.1970718557644464	0.19648633812556504	0.19588204959111422	0.19525561703158667	0.1946050431608024	0.19392976633901227	0.19323064201514817	0.1925098496675559	0.19177073423105884	0.19101759520599915	0.19025543954469049	0.18948971571101203	0.18872604597419151	0.18796997225257184	0.18722672711123556	0.18650103647451877	0.1857969712944869	0.18511783910796198	0.18446610356955118	0.183843339439828	0.1832502156678011	0.18268652618350512	0.18215121924280187	0.18164236522644606	0.1811574506785696	0.18069328116589833	0.18024612969661313	0.17981183436277282	0.1793859426570905	0.1789638402582474	0.17854090220776353	0.17811264572445307	0.1776748791310956	0.17722384090737142	0.1767563221152404	0.1762697663763535	0.17576234344501596	0.17523299445106222	0.17468144568400112	0.1741081808890217	0.1735143659551217	0.17290174700745764	0.17227254416107374	0.171629331992198	0.17097490188756082	0.1703121266729417	0.16964384451814474	0.16897276324073784	0.16830138167419717	0.16763192730768073	0.16696631143316187	0.16630610139735413	0.16565250713908708	0.1650063785370781	0.164368211739627	0.1637381656266963	0.16311609139823324	0.1625015775435512	0.16189401044291207	0.16129264979427926	0.1606967174976246	0.16010549578222988	0.15951842456111032	0.1589351857248371	0.1583557674520364	0.15778049549246864	0.15721001496809817	0.15664524140107416	0.1560873128141549	0.15553754651441798	0.15499739362228615	0.1544683891299623	0.15395209877741056	0.15345006701885922	0.1529637693937942	0.15249457116474519	0.15204369365435033	0.15161218879436977	0.15120092094438764	0.15081055372850605	0.15044153891096346	0.15009410422781833	0.1497682374886049	0.1494636652854806	0.1491798264059745	0.14891584204191455	0.1486704864152355	0.1484421623636616	0.14822888708445614	0.14802829352686597	0.14783765225021295	0.1476539169215365	0.14747379456904075	0.14729383942206464	0.14711056660655508	0.1469205794177737	0.14672070195316067	0.14650810803877468	0.14628043768309662	0.14603589339955247	0.1457733102157912	0.14549219483425846	0.1451927313237995	0.14487575306081135	0.1445426833268062	0.14419544962470598	0.14383637886556255	0.1434680816754368	0.14309333405190938	0.14271496364616088	0.1423357464221553	0.14195831772050171	0.14158510010819558	0.14121824898748736	0.14085961583759343	0.14051072818363464	0.14017278489850082	0.1398466651740864	0.13953294934070692	0.13923194955478535	0.13894374814795052	0.13866824114592857	0.13840518419659587	0.13815423798333293	0.13791501020653785	0.13768709141768576	0.13747008238091318	0.13726361119950736	0.13706733916634772	0.13688095517003285	0.1367041594830063	0.13653663879168276	0.13637803526190817	0.13622791310565963
3.4033920413889427	0.27615752444208774	0.2754025938248851	0.2741734102744534	0.2725131553942203	0.27047883887686963	0.26813737342568844	0.2655611892086328	0.26282381215820216	0.2599958005388504	0.25714135757622114	0.254315829019335	0.2515641717580217	0.24892036218950642	0.24640761744437945	0.24403924011530298	0.24181987229796864	0.23974695515996403	0.23781222773882182	0.23600315144104944	0.23430420197702817	0.23269801701461357	0.2311664180587657	0.2296913360443984	0.22825566364609529	0.22684403887993843	0.22544354179894088	0.22404426671092248	0.2226397224968737	0.221227016529689	0.21980679327411656	0.21838292370648238	0.2169619709248518	0.2155524846403275	0.2141641971743522	0.2128072024207821	0.21149119568148245	0.2102248375911886	0.20901528282709547	0.20786788849619897	0.2067860927601023	0.2057714353835347	0.20482368099554815	0.20394100363551415	0.20312019657792124	0.20235688211632819	0.20164570886419186	0.20098053612606204	0.20035461355052908	0.19976076817329125	0.19919160985654716	0.19863976088851898	0.19809810775895043	0.19756006489210887	0.19701983322669248	0.196472632681721	0.1959148871385702	0.19534434398910439	0.19476011658278514	0.1941626461199466	0.1935535876750878	0.1929356330880848	0.192312288377821	0.1916876262935303	0.1910660345387719	0.19045197745593834	0.18984978463366298	0.18926347447097924	0.18869661549667643	0.18815222314081786	0.18763268682941736	0.18713972124221528	0.186674334966703	0.1862368113328024	0.18582669878244967	0.18544281071195856	0.18508323708806934	0.18474537182204315	0.18442596051636917	0.18412117264482153	0.18382670037770227	0.18353788392445558	0.1832498623786593	0.1829577390553747	0.18265676466594039	0.18234251942757435	0.18201108102562757	0.18165917969805323	0.18128431184994215	0.18088482221108865	0.180460005620938	0.1800098005231227	0.1795351906095911	0.17903792172021726	0.17852039205363862	0.17798553182349353	0.17743665432112105	0.17687731279905639	0.17631115793471858	0.17574180176925208	0.17517269286746584	0.1746070052226883	0.17404754199815348	0.17349665343474813	0.17295616689801446	0.17242733049556797	0.17191078495918471	0.17140658352878624	0.17091424748607176	0.17043282206524002	0.16996092950336794	0.16949683474615468	0.1690385242769175	0.16858379472114304	0.1681303488052973	0.16767589369957292	0.16721823674984593	0.16675537606557217	0.1662855845214134	0.16580748643918747	0.1653201265665939	0.1648230287083201	0.16431623683082264	0.16380032908967962	0.16327639814051842	0.16274599684134838	0.16221105270677866	0.16167375597332578	0.16113642855391053	0.16060139036249482	0.16007084786176856	0.15954681719867142	0.15903107891405543	0.1585251584679923	0.1580303138776441	0.15754751556409186	0.15707742472030828	0.1566203840580152	0.15617642624167594	0.1557452989166193	0.15532650480865995	0.1549193529954307	0.15452301606460245	0.1541365888156908	0.15375914533111606	0.1533897920643401	0.15302771504068585	0.15267221904514588	0.1523227561005106	0.15197894090505742	0.15164055270583598	0.15130752495522393	0.15097992472699917	0.15065792355591723	0.15034176110442765	0.1500317032993853	0.14972799679429888	0.14943082110240685	0.14914023895803546	0.14885614544143938	0.14857821738229215	0.14830586601643975	0.14803819723625034	0.14777398464883418	0.14751166077807437	0.1472493310018816	0.1469848132573332	0.1467157043597922	0.14643947123671747	0.14615356278299635	0.1458555357168178	0.14554318602891253	0.14521467657472786	0.14486865117820386	0.14450432634521826	0.1441215533024543	0.1437208454674353	0.14330336937998095	0.14287090022938786	0.1424257459829305	0.14197064639166262	0.1415086545951963	0.14104300963693062	0.14057700806909107	0.14011388218583914	0.13965669146167586	0.13920823258204484	0.13877097201690985	0.1383470033497725	0.1379380295476157	0.13754536820412194	0.13716997580698187	0.13681248559581494	0.1364732528108381	0.13615240113035765	0.13584986475852173	0.13556542179368158	0.13529871602126253	0.13504926597463612	0.13481646182172558	0.1345995521918023
3.665191429188092	0.23328467239195333	0.23312282542796117	0.23286502187952202	0.23252734578469106	0.23212946340286203	0.23169236156678635	0.23123598295460354	0.23077707650816012	0.23032754111611048	0.2298934607108469	0.22947492317496337	0.22906660163329415	0.22865897298888518	0.22823997042286612	0.22779682429064585	0.22731784302812558	0.22679391913499858	0.22621960610156366	0.225593687689247	0.22491923755411625	0.22420323255591326	0.22345582845957454	0.22268942803667358	0.2219176695937719	0.22115444354788252	0.22041301326908652	0.21970528220259086	0.21904121945601482	0.21842843546293694	0.21787188989759299	0.2173737146769254	0.2169331423571118	0.2165465400647429	0.21620755690066717	0.21590739522316676	0.21563521184850118	0.2153786444811003	0.21512444379988135	0.21485917586083922	0.21456994636917898	0.2142450909167802	0.2138747752863133	0.21345145770355906	0.21297017929770826	0.21242866765636642	0.21182725824013565	0.21116865650985686	0.21045757738947155	0.20970030652704752	0.20890422923292634	0.20807736854375372	0.20722796503204555	0.20636411968336546	0.2054935095433349	0.2046231755375468	0.2037593743836122	0.20290748237865786	0.20207193798414616	0.20125621189341997	0.20046279727927027	0.1996932163977716	0.19894804420859388	0.19822695176555943	0.19752877318696638	0.1968515990781705	0.1961928970527214	0.1955496568266059	0.19491855388963683	0.19429612339296826	0.19367893409882891	0.19306375046440846	0.1924476730351887	0.19182824935066572	0.191203550506938	0.19057221192908558	0.18993344030960735	0.1892869915192376	0.18863312623311893	0.18797255086787323	0.18730635125034603	0.1866359245223737	0.18596291096013554	0.18528913949720513	0.18461658120419294	0.1839472950116593	0.18328337265014985	0.18262688155678852	0.1819798231170498	0.1813440681920548	0.18072121432220353	0.180112718622777	0.17951969629219877	0.17894285703383886	0.17838246899139693	0.17783832240309314	0.17730970542544214	0.17679540554940062	0.17629373208028712	0.17580255867717362	0.1753193848243439	0.1748414137210874	0.17436564359814574	0.17388896950847235	0.1734082927242902	0.17292063245035233	0.17242322843263228	0.17191362678651495	0.1713897561834268	0.17084998951845506	0.17029317996361168	0.169718683026291	0.16912637200684943	0.1685166427575091	0.16789040444823788	0.16724905333618129	0.16659442791321044	0.1659287469502639	0.16525453244270488	0.1645745189324266	0.16389155134981065	0.16320847558798313	0.16252802857677576	0.1618527362926903	0.1611848282645903	0.16052617555062132	0.15987825669048736	0.1592421537284321	0.15861857692099005	0.1580079115497234	0.15741027891812429	0.15682560766020046	0.15625370015742587	0.15569426951121754	0.1551469549641777	0.1546113436409187	0.15408700706877998	0.15357354245884175	0.15307060599001776	0.15257793298680983	0.1520953469891192	0.1516227602143605	0.15116016753755007	0.1507076368852557	0.15026529909363445	0.149833339488185	0.14941199220951917	0.149001536978497	0.14860229665360228	0.1482146328720429	0.1478389370318285	0.1474756150092498	0.147125065120728	0.14678764905424374	0.14646365561299757	0.14615325820067024	0.14585646863732554	0.14557309100859178	0.14530267966765192	0.14504450575034566	0.14479753664150508	0.14456043233471833	0.14433156135980005	0.14410903709040324	0.14389077317894788	0.1436745550019919	0.1434581226015743	0.14323925975085483	0.14301588341483237	0.1427861279796236	0.14254841917977845	0.1423015336189882	0.14204464100916964	0.141777327527692	0.1414995998329283	0.14121187023090284	0.14091492430769256	0.14060987311179515	0.14029809271355184	0.13998115464621608	0.13966075126960623	0.13933862040804826	0.1390164736284753	0.1386959322121082	0.138378474268402	0.1380653956305217	0.13775778624566926	0.1374565227717091	0.13716227701608036	0.13687553872617386	0.13659665014833636	0.13632584884995616	0.1360633146705783	0.135809216397328	0.13556375384156077	0.135327191388916	0.13509987977425447	0.1348822637782618	0.13467487470624523	0.13447830778290948	0.13429318583115263
3.9269908169872414	0.28012261042092773	0.27936994836092416	0.2781433093552053	0.27648367942764207	0.2744450629755481	0.2720908424392109	0.26948971371786906	0.26671159052706933	0.26382384443568685	0.26088817737621384	0.2579583227823506	0.2550786568220006	0.2522836900220629	0.24959831744660996	0.24703864355317512	0.24461317102826652	0.24232415013640132	0.2401689197969603	0.2381411233990754	0.23623173947720155	0.23442991883663547	0.23272365732568284	0.2311003529211721	0.22954729707962754	0.2280521370294505	0.22660332390737087	0.22519053832145905	0.22380506632045105	0.2224400892228325	0.22109085206903167	0.21975468670320777	0.21843088360152776	0.21712042720832414	0.21582562817874734	0.21454969878974783	0.21329632258929243	0.2120692656352383	0.21087206568432065	0.20970781998176924	0.2085790750858615	0.20748780661268817	0.20643546542954966	0.20542306112755837	0.2044512538189275	0.2035204305716156	0.20263075143713621	0.20178215997053697	0.2009743623480391	0.2002067860349542	0.19947853247868724	0.19878833829603043	0.19813455637806038	0.19751516327651863	0.1969277933461289	0.1963697948982659	0.19583829975230915	0.1953302959995407	0.19484269445849103	0.1943723820726276	0.193916259087441	0.19347126180749777	0.19303437605869248	0.19260264927843776	0.19217321004400476	0.19174330265428013	0.19131034169974126	0.19087198755747656	0.19042623947301363	0.18997153805228195	0.18950686612044457	0.18903183625266695	0.1885467519844635	0.1880526319230882	0.18755118976078397	0.18704476739437223	0.18653622313821777	0.18602878160565284	0.18552585558477694	0.1850308527130349	0.18454698051743387	0.18407706296350035	0.18362338282157198	0.18318755490535032	0.18277044173743195	0.182372111086205	0.181991830105079	0.18162810578445246	0.1812787525079046	0.18094098436262795	0.1806115842141648	0.18028674013570306	0.179962593399662	0.17963521554339126	0.17930072208406725	0.17895540324266856	0.1785958483192463	0.17821906020785575	0.17782255433377633	0.17740444033268893	0.17696348380389115	0.17649914531988992	0.17601159418197182	0.17550169437870106	0.17497096042618857	0.17442148519725026	0.1738558538431936	0.17327706057651657	0.17268842440811671	0.17209349515723477	0.17149594728791964	0.17089945551411984	0.1703075586148975	0.16972352836222368	0.16915025439287376	0.1685901468681447	0.1680450569586202	0.16751621839665504	0.16700421428729859	0.166508972730406	0.16602979365388704	0.16556540619042506	0.16511405126354803	0.1646735804246016	0.16424156102136345	0.1638153793506702	0.16339233624176216	0.16296973121821648	0.16254493355026617	0.1621154469647221	0.16167898230464672	0.1612335411848762	0.16077750586492434	0.16030972972813196	0.15982959993926088	0.15933705270272805	0.15883255301487859	0.1583170548824996	0.15779194708808608	0.15725898772616848	0.15672023349567726	0.15617796723823624	0.15563462526268418	0.15509272670689847	0.1545548079148306	0.1540233647349874	0.1535008048535299	0.1529894107027362	0.1524913116130045	0.15200846279855448	0.1515426287555583	0.1510953689476195	0.15066802390605546	0.1502617001373753	0.1498772525729167	0.14951526395523398	0.1491760212979103	0.1488594898001801	0.14856528460569024	0.14829264130432435	0.14804038716514994	0.14780691633846513	0.14759017338121191	0.14738765030973108	0.14719640277048976	0.14701309052402042	0.14683404597092833	0.1466553718827627	0.14647306617920464	0.14628316811530437	0.1460819172141651	0.14586591415057754	0.14563227183840496	0.1453787453306331	0.14510383076138225	0.14480682618905277	0.14448785042058243	0.14414781925488235	0.14378838171538486	0.14341182151861764	0.14302093111863617	0.1426188670996288	0.14220899643243337	0.1417947432030892	0.14137944494992788	0.14096622678085102	0.14055789999047175	0.14015688993240782	0.1397651954609433	0.13938437950707053	0.13901558759921073	0.1386595887527199	0.13831683148170368	0.13798750695261147	0.1376716115417705	0.13736900215379155	0.13707943937693795	0.13680261562420176	0.13653816756092238	0.13628567411042072	0.13604464298243116
4.1887902047863905	0.22928607164677267	0.22912182012743915	0.22886054803273237	0.2285193552117356	0.22811944398188483	0.22768385211690323	0.22723504489784668	0.22679266844027524	0.2263717344731794	0.22598143786218758	0.22562471424779332	0.2252985414461667	0.22499489074800605	0.22470215706029945	0.22440684995474378	0.22409531559203458	0.22375528080009635	0.22337705874339797	0.22295432044582852	0.22248440615350729	0.22196821393805816	0.22140975123452272	0.22081546299168214	0.220193456660058	0.2195527319533328	0.21890249754547478	0.2182516243697783	0.21760825271505888	0.21697954338520029	0.2163715452793227	0.2157891440002559	0.21523605750229557	0.21471485276885055	0.21422696870850857	0.21377274154777906	0.21335143735830558	0.21296130048909917	0.21259962633295176	0.2122628628907549	0.21194673960057397	0.21164641574909582	0.21135663619513798	0.21107188029914067	0.2107864913308046	0.21049477791801205	0.21019108536266232	0.20986984154033092	0.20952558817094438	0.20915301223052968	0.20874699333124835	0.20830268074208153	0.20781560867642693	0.2072818513482174	0.20669821136968275	0.20606242748478018	0.2053733818400399	0.20463128386952617	0.20383780784758398	0.2029961642413492	0.20211109132239372	0.20118876043866074	0.20023659750828385	0.1992630309309014	0.19827718285379053	0.1972885249638798	0.19630652194213097	0.1953402848670665	0.1943982538017198	0.19348792492210592	0.19261563232367812	0.19178638784340504	0.19100377952080502	0.19026992527111294	0.1895854761779489	0.18894966299246402	0.1883603795732808	0.1878142978281727	0.18730700975493308	0.18683319305649482	0.18638679735745958	0.18596124738849157	0.1855496557822612	0.18514504901812218	0.18474060191593014	0.1843298533404222	0.1839069075236571	0.1834666110405854	0.18300470868935964	0.1825179532522262	0.18200410498827785	0.1814621563200812	0.18089217814877043	0.18029524831868324	0.17967340088723158	0.17902949306040442	0.17836705187067714	0.177690117616992	0.17700307537658622	0.17631048466033364	0.17561691329775972	0.17492678104414028	0.17424421754108654	0.17357293846045382	0.1729161427597028	0.1722764312074855	0.17165574228558142	0.1710553076365853	0.170475633557111	0.16991649084675575	0.16937690880492326	0.16885520080650168	0.16834902879878968	0.16785549664041471	0.1673712646323114	0.16689267957800089	0.16641591421567123	0.16593711080956514	0.16545252294075474	0.1649586484249916	0.1644523468762716	0.1639309375124767	0.16339227509697013	0.16283480393111527	0.16225759220788402	0.16166035059590295	0.1610434384397154	0.16040785964216087	0.15975524790978407	0.15908783690146133	0.1584084110722316	0.15772023812207234	0.1570269698047615	0.15633249445943884	0.15564077145341126	0.15495568381486585	0.15428090971278718	0.15361980824789725	0.1529753201776971	0.1523498858372848	0.15174538531629983	0.1511631047802273	0.1506037308060383	0.15006737349681407	0.14955361751474233	0.1490615979666346	0.14859009589433672	0.14813764630306736	0.14770265032990984	0.1472834827149067	0.14687858677632745	0.14648655108420922	0.14610616358806033	0.1457364401272465	0.14537662620068023	0.14502617370873014	0.14468469709040255	0.14435191505986197	0.14402758511331995	0.14371143853397697	0.14340312365366206	0.14310216423859043	0.1428079379437541	0.1425196771286885	0.14223649148982562	0.14195740948646815	0.14168143375039607	0.14140760461120483	0.1411350654054079	0.14086312326896752	0.14059129966816802	0.14031936604555914	0.1400473615332562	0.13977559141476525	0.1395046065617176	0.13923516525496885	0.13896817967136765	0.13870465005989582	0.13844559038207013	0.13819194993451736	0.13794453605277707	0.13770394323587548	0.13747049383247872	0.13724419480511313	0.1370247141311092	0.1368113792265709	0.13660319849524397	0.13639890576237007	0.13619702595607483	0.13599595893085398	0.1357940768212486	0.13558982888722879	0.13538184665908415	0.13516904152653306	0.13495068693655798	0.13472647819988537	0.13449656460011516	0.13426155095707948	0.13402246873546256	0.13378071975794537	0.13353799807396996
4.4505895925855405	0.2907976257185412	0.2900512545265403	0.2888328980761118	0.2871796119520976	0.2851399489591211	0.2827707559505071	0.28013360771863133	0.27729122493984915	0.2743042015686281	0.2712283070324739	0.2681125405584763	0.2649980129203392	0.2619176299018141	0.2588964655763338	0.25595265245839327	0.25309858528673274	0.2503422360266717	0.24768840523237134	0.24513978124224137	0.24269773399896877	0.24036282479086177	0.23813505873074764	0.23601393792624278	0.23399838794495	0.23208662938468716	0.2302760536317261	0.2285631421720482	0.22694344734993768	0.22541163376295992	0.2239615666207723	0.22258642768315634	0.2212788404217735	0.22003099207436325	0.21883474876899528	0.21768176824458685	0.21656362066051665	0.21547193016686939	0.214398547885673	0.21333576127886253	0.2122765368429368	0.21121478438644295	0.2101456235835653	0.2090656285448375	0.2079730247620195	0.2068678152595099	0.20575181873416767	0.20462861093419127	0.20350337018714232	0.20238263737754195	0.20127400844853288	0.20018578265229015	0.1991265917608497	0.19810503429070975	0.197129334890721	0.19620704352761154	0.1953447826588267	0.19454804469202364	0.19382103735111147	0.1931665718719794	0.19258598785004	0.19207911018404306	0.1916442353997429	0.19127814751279099	0.19097616635087541	0.1907322324392392	0.19053903290019514	0.19038817123221424	0.19027038118416645	0.1901757803961628	0.19009415571337762	0.19001526935328647	0.18992917062350206	0.18982649717159206	0.1896987499634382	0.18953852794194592	0.18933971144079906	0.18909758747162092	0.18880891445558098	0.18847192821372627	0.1880862943279336	0.18765301443400112	0.18717429955397366	0.1866534208320955	0.18609454473233356	0.18550255928865436	0.18488289746419145	0.1842413764378992	0.18358404680634668	0.18291703881987517	0.18224646346275786	0.18157801794657039	0.18091728247420275	0.18026941893157286	0.17963904286667673	0.17903016398115223	0.17844609442559853	0.177889394274313	0.17736182777483359	0.17686433796170642	0.17639704073644008	0.17595923861729215	0.17554945328940977	0.17516547456289275	0.17480442203276814	0.17446281824357396	0.17413668146950925	0.17382164761029856	0.1735131142301639	0.17320639266880145	0.17289684812595033	0.17258001573425863	0.17225170238915882	0.17190808012990938	0.17154576994540432	0.17116191455102334	0.170754238424657	0.17032109603593626	0.1698615104508908	0.1693752040844722	0.16886262196384133	0.1683249444473568	0.16776408244211236	0.16718264731134422	0.16658389023737935	0.16597160935290026	0.16535002582396305	0.16472363197593695	0.1640970183010933	0.1634746962337918	0.1628609406470321	0.1622596617167979	0.16167430646737344	0.1611077932748424	0.16056245991955181	0.16004000691590592	0.15954144548626387	0.15906706930539893	0.15861645851565873	0.15818851511959853	0.1577815278305795	0.15739326164365655	0.15702106522191153	0.1566619896759592	0.15631291337158287	0.15597066828636344	0.15563216396149238	0.1552945048691092	0.15495509630518903	0.15461173375890558	0.15426267141988226	0.15390666658656027	0.15354299827436668	0.1531714603321213	0.15279233133370893	0.15240632492568376	0.15201452485532185	0.15161830852920477	0.1512192622901389	0.1508190914366406	0.15041952845284765	0.15002224363755548	0.14962876306056389	0.1492403993144707	0.14885820052808724	0.14848292218176207	0.1481150242457732	0.14775469329057797	0.14740188611888463	0.14705638889625508	0.14671788424860632	0.14638601849977004	0.1460604619700522	0.14574095675477902	0.14542734836675417	0.14511959978797848	0.1448177885344483	0.1445220889861055	0.1442327432588163	0.14395002427696788	0.1436741946193554	0.14340546441849325	0.14314395129720636	0.14288964508803392	0.1426423798318653	0.14240181516489195	0.14216742857501866	0.14193851912888264	0.14171422224594685	0.1414935341285786	0.14127534377217973	0.14105847023718787	0.14084170308503002	0.1406238444152019	0.14040375151940696	0.14018037950519927	0.1399528231556925	0.13972035678008507	0.13948247004229178	0.13923889701654923	0.13898963531818
4.71238898038469	0.21920590338477985	0.21903550166863361	0.21876477575956832	0.21841231474931022	0.21800158589273844	0.21755868753396057	0.21710991913288424	0.21667944707490505	0.21628732133880457	0.21594804182901384	0.21566979370415662	0.21545438084588286	0.2152977991211945	0.2151913184589309	0.2151228940551766	0.21507870700257214	0.21504464334010387	0.21500755365580582	0.21495618542364725	0.21488173798796062	0.21477804624313857	0.214641445745551	0.2144704038956633	0.2142650166194522	0.21402646830048733	0.21375653762374625	0.21345720808936075	0.21313041438848834	0.2127779293798111	0.2124013747621596	0.21200232393091822	0.21158245860677793	0.21114374095633026	0.2106885684409162	0.2102198873969684	0.20974125120135967	0.20925681798616957	0.20877129000046113	0.20828980131146313	0.2078177626683475	0.20736067258204038	0.20692390284756013	0.20651246574774218	0.2061307697730328	0.20578237131115917	0.20546973146058412	0.2051939895819488	0.20495476780127675	0.20475002263469155	0.20457596044739157	0.2044270319904259	0.20429601750652326	0.2041742079601192	0.20405168044108524	0.2039176573607988	0.20376093106792248	0.20357032876652736	0.2033351882237613	0.2030458131368763	0.2026938790720486	0.20227276474960898	0.20177779097800597	0.2012063573730012	0.20055797586786395	0.19983420782624717	0.19903851822014684	0.1981760646767039	0.19725344122782362	0.19627839719106288	0.1952595494556415	0.19420610208335654	0.1931275846789644	0.19203361648135286	0.19093369940130256	0.18983704036991877	0.18875240131819238	0.18768797398391535	0.18665127639582546	0.18564906811870063	0.18468728206359697	0.18377097121700514	0.1829042663967484	0.18209034623392606	0.1813314290447836	0.18062877354342521	0.17998268527860783	0.1793925326478698	0.1788567759751346	0.17837301276060047	0.17793798856667808	0.17754778989106978	0.1771978012825678	0.1768828400353154	0.17659722956152435	0.17633491400291756	0.17608956289356525	0.17585469637852902	0.1756238122027809	0.1753905139492612	0.1751486375969079	0.1748923733030593	0.17461637950364006	0.1743158869737611	0.1739867910235937	0.17362572830777157	0.1732301304768198	0.17279825121850478	0.17232916944171073	0.17182276074006464	0.17127964595441902	0.17070113875376913	0.17008919384772847	0.16944635017426524	0.16877566760437945	0.16808065633888758	0.16736519825762808	0.16663346120900868	0.16588980699370548	0.16513869322093966	0.16438457031541243	0.1636317773305186	0.16288444177293926	0.162146387752496	0.16142105534890216	0.16071143422450973	0.1600200151412331	0.1593487624262061	0.15869910710201474	0.15807195432242793	0.1574676983295834	0.15688625010999635	0.15632707669819212	0.15578922559435227	0.15527133023951767	0.15477162722131466	0.15428800229029216	0.1538180589070154	0.1533591961232914	0.15290868732162732	0.15246375788167799	0.15202166086582947	0.15157974969156351	0.15113554747355396	0.15068681274854612	0.15023160045930906	0.14976831605091	0.14929575981967536	0.14881315827523056	0.14832017937710762	0.14781692992283157	0.14730393602590253	0.1467821095130667	0.14625270296395787	0.14571725531163815	0.145177530049185	0.1446354489832299	0.14409302497752974	0.1435522969880686	0.1430152704530161	0.1424838658746732	0.141959877864421	0.14144494584257528	0.14094053621006153	0.14044793456685023	0.13996824580731215	0.1395023997700786	0.13905116037454845	0.1386151365505709	0.1381947935731732	0.13779046362190617	0.1374023545460198	0.13703055596678926	0.1366750419889804	0.13633566994743207	0.13601217486026518	0.13570415969406413	0.1354110822066923	0.13513223995084644	0.1348667558307911	0.1346135672002583	0.1343714216926013	0.13413888269155472	0.1339143466092635	0.13369607308230314	0.13348222803756604	0.1332709385081784	0.13306035718228282	0.13284873390948648	0.1326344906767526	0.13241629585298664	0.1321931328711866	0.13196435816311425	0.13172974329621778	0.13148949701277346	0.13124426423434354	0.13099510095748879	0.13074342613134715	0.1304909537949287	0.130239610617515	0.12999144519825712
4.974188368183839	0.3188455328352673	0.31811618047491635	0.31692343360670805	0.31529943730970655	0.31328582865234755	0.3109309543008328	0.30828679164628564	0.3054058771654493	0.3023385281068022	0.2991305925914183	0.2958218873858281	0.2924453935124057	0.289027190175813	0.28558702897004123	0.28213939214798034	0.2786948462694568	0.2752614969526189	0.27184636894429526	0.26845657244342724	0.26510016393343516	0.2617866597310397	0.25852720600790585	0.25533444504273606	0.25222214114450864	0.2492046406623667	0.24629624035591302	0.24351053004953194	0.24085976239515725	0.2383542880215488	0.23600208096523187	0.2338083686816919	0.23177537370756882	0.22990216987689918	0.22818465397023663	0.22661563260612871	0.225185022928085	0.22388016334968708	0.22268622689183784	0.2215867245606217	0.22056408028557795	0.21960025298752614	0.21867737633275347	0.21777838357444418	0.21688758429122035	0.21599116217804207	0.21507756828808558	0.21413779181115067	0.21316549979668803	0.21215704714044356	0.21111136752433318	0.21002976379248484	0.20891562166033525	0.20777407327118652	0.2066116367701925	0.20543585547031507	0.20425495534765115	0.20307753417341584	0.20191228970360361	0.20076778938156936	0.19965227970807398	0.1985735314926826	0.1975387155259321	0.19655430380541522	0.19562599198921674	0.19475864021229916	0.19395623046690458	0.19322183960160122	0.1925576274302997	0.19196483859817773	0.1914438171692059	0.1909940322679676	0.19061411203869327	0.19030188306454693	0.19005441292558586	0.18986805395235584	0.18973848711388783	0.18966076615994637	0.18962936325924992	0.1896382182507647	0.18968079375150515	0.18975013758389242	0.18983895722092334	0.18993971761743553	0.19004475120084602	0.19014636347335398	0.19023695488574865	0.1903091575827867	0.19035598735712364	0.19037096059233485	0.19034821887428943	0.19028242794041586	0.19016931004135101	0.19000536574513563	0.1897880167735562	0.18951557520803425	0.18918724231385606	0.1888030733531011	0.18836392793872644	0.1878714069970297	0.18732778068185385	0.18673591015201843	0.18609916524712447	0.1854213386078549	0.18470655520700396	0.18395917904336084	0.18318373097896487	0.18238483895625235	0.1815672205112306	0.18073566568085847	0.17989499160010677	0.1790499749902617	0.17820527467107583	0.17736535714946317	0.17653443442505667	0.17571641121023382	0.17491483892109919	0.17413287910310332	0.17337327988717013	0.1726383678193283	0.17193005533211025	0.17124985994912567	0.17059892700561716	0.16997804815002351	0.16938767238110247	0.16882790879461781	0.16829852007009008	0.1677989062063859	0.16732808182080805	0.16688466250114714	0.1664668850545078	0.16607265972203766	0.16569961991629775	0.16534516644656108	0.1650065285883182	0.16468083052797555	0.16436514567491134	0.16405654241991152	0.1637521276422865	0.16344909240740707	0.16314476277066794	0.16283665373231285	0.1625225221298541	0.16220041525523884	0.16186871337814285	0.16152616536806277	0.1611719170423795	0.16080553136293077	0.1604269987818854	0.16003673634856158	0.15963557537843093	0.15922473781963276	0.1588058012176855	0.15838065262607254	0.157951432531548	0.15752047059153038	0.15709021580783994	0.15666316390210094	0.15624178399493363	0.1558284461597563	0.1554253514820195	0.15503446666942353	0.15465746575458494	0.15429568185708642	0.1539500721588003	0.1536211989798557	0.15330922894436036	0.15301395066758658	0.15273480938964204	0.15247095496143545	0.15222129807384033	0.15198456899408894	0.15175937344537363	0.15154424148025217	0.15133766693038855	0.15113813686917257	0.1509441521123597	0.1507542408063117	0.15056696748675907	0.1503809397167715	0.15019481378137747	0.150007300234382	0.1498171696031823	0.14962325836778217	0.14942447540924222	0.14921980934107712	0.14900833732868765	0.148789236027877	0.14856179507408732	0.14832543316802163	0.14807971634176395	0.1478243775800977	0.14755933670584842	0.1472847193373424	0.14700087373227141	0.1467083843358998	0.14640808076731646	0.1461010408239836	0.1457885859926448	0.1454722680807476	0.14515384600459577
5.235987755982989	0.18985765668978377	0.18966914761708203	0.18936927571960532	0.1889784813391367	0.188523020421406	0.18803275873918246	0.187538751442421	0.18707086265606637	0.1866556618493048	0.18631478701854634	0.186063897250246	0.18591225945364956	0.1858629373088136	0.18591348511891587	0.1860570031336167	0.1862833883400091	0.18658061613559893	0.18693591057491743	0.18733669819933907	0.18777128553724354	0.18822924578138922	0.18870153954086755	0.1891804234482446	0.1896592166026456	0.19013199843393758	0.19059330452208237	0.19103787234438646	0.19146047047275547	0.19185582583302888	0.19221864700916172	0.19254372899877348	0.19282611705246483	0.1930613041092099	0.19324543707264966	0.1933755105952694	0.1934495319031561	0.1934666453968008	0.19342721048112405	0.1933328298362424	0.19318632800487828	0.19299168188569382	0.19275390580831878	0.19247889472057292	0.192173230001175	0.19184395375920685	0.19149831925442481	0.19114352713574048	0.19078645924407375	0.19043342335029978	0.19008992296824667	0.18976046593991647	0.1894484236476819	0.1891559494700131	0.1888839608234269	0.1886321840115812	0.1883992562371386	0.1881828745004825	0.18797997787899878	0.18778694774466498	0.1875998106207252	0.18741442937647912	0.18722667181640398	0.18703254876770034	0.18682831816515272	0.18661055513433086	0.1863761912415032	0.18612252830156373	0.18584723325981997	0.1855483214067663	0.18522413385947228	0.18487331465806225	0.18449479121508164	0.18408776007537578	0.18365167904492546	0.1831862652861928	0.18269149813717664	0.18216762491170138	0.18161516769377312	0.1810349291684401	0.1804279959686921	0.17979573885406291	0.1791398071759924	0.17846210833032405	0.17776478566816015	0.1770502051097357	0.1763209242996748	0.17557964785779798	0.17482917065912695	0.17407233947197004	0.1733120058654265	0.1725510308578869	0.1717920797461738	0.17103779041140002	0.17029060273458205	0.1695527469583756	0.16882621922002988	0.1681127595681604	0.16741384226240075	0.16673067213167123	0.16606418733947922	0.16541506820886326	0.1647837521555251	0.16417045525992494	0.1635752013066324	0.16299785686758397	0.16243816319935947	0.16189575011727872	0.1613701269101532	0.16086067080298172	0.1603666416761315	0.15988721166922004	0.15942148892803468	0.15896854055165233	0.1585274179358691	0.1580971786745418	0.15767690230860967	0.15726569996949552	0.15686271697718301	0.15646712692421053	0.1560781174655135	0.15569487164268217	0.1553165513487934	0.15494228721104958	0.15457117366126913	0.15420226732431985	0.1538345918236336	0.1534671543562165	0.15309897353640756	0.15272910550739216	0.1523566495318255	0.15198073982745333	0.15160055815799545	0.15121535897263924	0.15082446049004977	0.15042721148651778	0.15002297273680654	0.14961111674037617	0.14919103395841393	0.14876214135372548	0.1483238933347994	0.14787579465300535	0.14741741498481134	0.1469484058023882	0.14646852001360822	0.14597763387410817	0.14547576973486295	0.14496311779419147	0.14444005469988672	0.14390715592524084	0.14336519849063564	0.1428151527356747	0.14225816493472765	0.14169553314087296	0.14112867720315117	0.1405591035510794	0.1399883664681425	0.1394180283122576	0.13884962094793082	0.13828461032238407	0.13772436595405632	0.13717013679976633	0.13662303432041725	0.13608402268978007	0.13555391526209978	0.13503337587665962	0.1345229234327682	0.13402293836600432	0.13353367006309655	0.13305524472932365	0.13258767365112073	0.13213086207762795	0.13168461900339168	0.13124866794871282	0.13082265846240332	0.13040617765071086	0.12999876074042704	0.12959989965793753	0.12920904890247922	0.12882562854836202	0.128449024868925	0.12807858963951774	0.1277136394957455	0.12735345675138615	0.12699729288793402	0.1266443756415601	0.12629392032608586	0.12594514574200494	0.12559729465449324	0.12524965830614704	0.12490160378482691	0.1245526024307466	0.12420225702232145	0.12385032535016265	0.1234967379886287	0.12314160854843127	0.12278523536409536	0.1224280943375886	0.12207082338705319	0.12171419949871043	0.12135910968938698
5.497787143782138	0.4193992414413183	0.41873195460014695	0.4176393298984712	0.416147837679842	0.41429109867392744	0.4121074392083007	0.4096372100776494	0.40692013932695337	0.403992973256338	0.4008876146186104	0.3976298997565749	0.39423907742739206	0.39072797232442824	0.3871037460715504	0.3833691156926212	0.3795238589482333	0.3755664285501365	0.3714955108108063	0.3673113938770084	0.363017049976702	0.35861887845641666	0.35412709598434167	0.34955579289398864	0.34492269792865143	0.34024870719867906	0.3355572380975237	0.33087346733014	0.3262235065429078	0.3216335615864012	0.31712911391891957	0.3127341560727293	0.30847050775095175	0.3043572347461863	0.3004101889044726	0.2966416831668072	0.2930603108114441	0.2896709121715498	0.28647468541179777	0.2834694308042636	0.2806499109484108	0.278008303227861	0.27553471615749103	0.2732177386809505	0.2710449912415232	0.26900364960828416	0.26708091675341594	0.26526442405333445	0.2635425500537839	0.261904652227963	0.2603412138228829	0.25884391339875534	0.25740562859162064	0.2560203878151217	0.2546832839879786	0.25339036370763285	0.25213850305009683	0.2509252791700845	0.24974884434827285	0.2486078072312392	0.24750112427706247	0.24642800375818147	0.2453878238261972	0.24438006574893953	0.24340426325888576	0.24245996807352058	0.2415467309415547	0.24066409649704276	0.23981160901631912	0.238988824546347	0.2381953259946418	0.237430734825367	0.2366947146677298	0.23598696422514337	0.23530719674315345	0.2346551055797259	0.2340303174859945	0.2334323369724014	0.23286048655740407	0.23231384854462683	0.23179121381322929	0.23129104118086907	0.2308114302738668	0.2303501316881382	0.22990459339509806	0.22947198676310518	0.2290492539994929	0.22863319330979442	0.22822057977657947	0.22780824870914526	0.2273931360104969	0.22697224549676656	0.2265431764129461	0.22610376549773675	0.22565217889676364	0.22518700255890406	0.22470722068380244	0.22421219984698995	0.22370166671466818	0.22317567472139865	0.22263456526357223	0.22207892599513146	0.22150954754251106	0.22092737765721665	0.22033346916753618	0.21972892075358552	0.21911482807941757	0.2184922878474682	0.21786247381753948	0.21722670890447193	0.21658644078984388	0.21594315576268933	0.2152983115561221	0.21465330578175604	0.21400945653652378	0.21336797936229215	0.2127299623456026	0.2120963466546647	0.21146791772363227	0.21084531022777636	0.21022902738625093	0.20961946837044423	0.20901694902616674	0.2084217017037833	0.20783385363775025	0.20725339507501495	0.20668014538955748	0.2061137152865949	0.20555346283434783	0.20499846276159026	0.20444753641237653	0.20389935704487666	0.20335254671056044	0.20280568658099404	0.20225729870433065	0.20170587888838604	0.20114996234434612	0.20058817547822885	0.20001926582489457	0.1994421237684758	0.19885580557840812	0.19825955839366138	0.19765284463573946	0.19703536408310868	0.19640707293905763	0.19576819992562058	0.19511925932093638	0.19446105935000532	0.19379470263795778	0.19312157677286013	0.19244333790715532	0.19176189316776684	0.19107938398642044	0.19039816657389658	0.18972078453918195	0.18904993231621275	0.18838841156414296	0.18773908294018538	0.18710481407357307	0.18648842380204392	0.18589262339582882	0.185319956826034	0.18477274343660344	0.18425302731566703	0.18376253801370282	0.1833026667904396	0.18287446110330757	0.18247863762392574	0.1821156111403827	0.18178553406426845	0.18148833967353828	0.1812237820373839	0.1809914666546169	0.18079086778803635	0.1806213308588347	0.1804820607043681	0.18037209866497633	0.18029029304728095	0.18023526830732783	0.18020539828308507	0.18019878813709603	0.18021326857524894	0.18024640456873764	0.18029551933188023	0.18035773281580347	0.180430012673763	0.18050923479050304	0.1805922501843247	0.1806759552855914	0.18075736296850975	0.180833671950604	0.18090233213870327	0.18096110328566534	0.1810081041508473	0.18104184941487012	0.18106127194996183	0.18106572868939394	0.18105498929809552	0.18102920815845952	0.18098888177999822	0.18093479535929535
5.759586531581287	0.04730208743761172	0.04702518760196159	0.04658020793622775	0.04599108431939172	0.04528903181008384	0.04451029749202101	0.04369366477062556	0.042877951466426006	0.042099729036639	0.041391448893208255	0.040780101233233945	0.040286461545079616	0.03992491020799652	0.039703750654956044	0.039625908415611255	0.03968987081512293	0.039890725525614346	0.04022117275900705	0.04067241553789283	0.04123486886442185	0.04189866538399181	0.04265396697665022	0.043491114984941126	0.04440066489768124	0.04537335456400868	0.04640005021405835	0.04747170440164181	0.04857934739011546	0.049714121086879504	0.05086735430819628	0.05203067097211311	0.05319611898760862	0.054356306693713	0.055504534870922384	0.05663491464265735	0.05774246415235498	0.05882317913726773	0.0598740741289481	0.06089319199273399	0.06187958009504557	0.06283323189596537	0.06375499355057032	0.06464643642257512	0.06550969836905665	0.0663472991585074	0.06716193816911359	0.06795628517501415	0.06873277709181971	0.06949343456867335	0.07023971193899875	0.0709723921205189	0.07169153466309025	0.07239648058017081	0.0730859124770632	0.07375796315560076	0.07441036159621994	0.07504060178781091	0.07564611843471156	0.07622445377854747	0.07677340195391677	0.07729112051024634	0.07777620320195863	0.07822771266484102	0.07864517580437635	0.07902854806320997	0.0793781551098807	0.07969462132823812	0.07997879428807594	0.08023167346619314	0.08045434827474701	0.08064795019639184	0.08081362047613874	0.08095249219757655	0.08106568505606543	0.08115430992680916	0.08121947977409316	0.08126232347544221	0.08128399955547219	0.08128570751544129	0.08126869549310325	0.08123426477353896	0.081183772145375	0.08111861671128515	0.08104021340705614	0.08094999128655173	0.08084938782084697	0.0807398290806568	0.08062269458569071	0.08049930514609302	0.08037094055235813	0.08023887163632332	0.08010411335349116	0.07996761708393771	0.07983026602155163	0.07969284039696625	0.07955599817906925	0.07942028478315519	0.07928613921644864	0.07915390129594616	0.07902382086635629	0.07889606855185888	0.07877074770277773	0.07864790822368015	0.07852756448839565	0.07840971820874743	0.07829437611806842	0.07818153528578914	0.07807111955673471	0.07796291214046605	0.07785654713630333	0.0777515447103237	0.07764734524989297	0.07754333080720804	0.07743883948085534	0.07733317834631254	0.07722563716827902	0.07711550172296902	0.07700206380989966	0.07688462501217871	0.07676249290535025	0.07663497264611524	0.07650136229907348	0.07636096064894138	0.07621308879135003	0.076057119584714	0.07589250990445681	0.07571883580815564	0.07553583026997149	0.07534340967528849	0.07514165742031662	0.07493075227372206	0.07471089716084015	0.07448231407017367	0.07424527931246958	0.07400012956016874	0.07374722583673088	0.07348691242236832	0.07321949589970222	0.0729452417610747	0.07266437912099988	0.07237710838774174	0.07208361027927059	0.07178405585376105	0.07147861723383453	0.07116747826264645	0.0708508442154543	0.07052895046960568	0.07020207115134744	0.06987052824925256	0.06953469861633516	0.06919501357785565	0.068851947216413	0.0685059940357531	0.06815764051099794	0.06780733573603565	0.06745546496403494	0.06710232819711855	0.06674812499010299	0.06639294614186558	0.06603677252742678	0.06567948076410043	0.06532085475813848	0.06496060158874208	0.06459836978594047	0.06423376796519346	0.06386638208652774	0.0634957902902776	0.06312157512121741	0.06274333367884702	0.06236068661522111	0.061973286957930473	0.06158082961368984	0.06118306220479251	0.06077979757681905	0.060370927826779414	0.059956439071132406	0.0595364255646168	0.05911110138369127	0.058680807801224824	0.05824601467929724	0.05780731462361055	0.05736540924755511	0.056921087709325136	0.0564751986964523	0.056028618088374615	0.05558221534788034	0.05513682198876764	0.05469320510223291	0.05425204799489046	0.053813938791156674	0.05337936674112545	0.05294872521850451	0.05252232007116778	0.052100382006420684	0.051683081876761655	0.0512705479020468	0.05086288388898576	0.050460187337276724	0.050062566016047624	0.049670151328313386
6.021385919380437	1.413430325497458	1.4133797288577634	1.4133017821769882	1.4132032145209865	1.4130906966517864	1.412969290053046	1.412840842367841	1.4127025409022766	1.4125458154937505	1.4123557369551154	1.4121109947314394	1.4117844668187178	1.4113443264998313	1.4107555731742034	1.4099818352797673	1.4089872756093236	1.4077384333174425	1.4062058595723386	1.4043654397929661	1.4021993381985483	1.399696543452371	1.396853031991046	1.3936715944064402	1.3901613882278303	1.3863372878016669	1.382219100363718	1.3778307094352091	1.373199195218142	1.3683539693085662	1.3633259497354133	1.3581467931993152	1.3528481947811857	1.3474612610563574	1.3420159598686774	1.3365406482662388	1.3310616786536016	1.3256030816819198	1.3201863226591761	1.3148301264412274	1.3095503641441333	1.3043599939371073	1.2992690479196667	1.2942846578077187	1.2894111138168978	1.2846499535069553	1.2800000800401954	1.2754579118039953	1.2710175671325707	1.2666710884761834	1.2624087095364283	1.2582191665379785	1.2540900511619113	1.250008198186324	1.2459600960398762	1.2419323045646482	1.2379118608272721	1.2338866530218278	1.2298457431273175	1.225779622074729	1.2216803858569716	1.2175418270196658	1.213359443219209	1.2091303697522693	1.204853249737099	1.2005280582885693	1.1961559000034434	1.1917387985811287	1.1872794954809962	1.1827812712965171	1.1782478019953888	1.173683052315748	1.1690912077155913	1.164476641114688	1.1598439081938643	1.1551977622944873	1.1505431786583589	1.145885377843439	1.1412298390699915	1.1365822959049348	1.1319487091085048	1.127335213067934	1.122748025480179	1.118193340052955	1.113677227796638	1.1092054853576907	1.1047834728731312	1.100415978462434	1.0961071012630192	1.0918601471919005	1.0876775087559363	1.083560868451447	1.0795106549297038	1.0755263627250513	1.071606527380767	1.067748824401477	1.063950142324558	1.0602067619102769	1.056514525126484	1.0528690105544023	1.0492657122026792	1.0457002140514198	1.042168352008619	1.0386663522344313	1.0351909317423467	1.0317393491952334	1.0283094115624007	1.0248994825474473	1.0215085601840102	1.0181363849221998	1.014783445535331	1.0114508712749823	1.008140282632797	1.0048536450821688	1.0015931306665515	0.9983609851618335	0.9951594068228128	0.9919904425170307	0.9888559040849699	0.9857573075264869	0.9826958383913414	0.9796723446705011	0.9766873513528382	0.9737410829547255	0.9708334793867927	0.9679641981558055	0.9651326056686247	0.9623377611184888	0.9595783870022134	0.9568528273097412	0.9541590493904892	0.9514947864549981	0.9488577998587109	0.946246088991588	0.943657953258871	0.941091951094407	0.9385468251674088	0.9360214533381979	0.9335148452453509	0.9310261564277214	0.9285546946900854	0.9260999146131395	0.9236614056526538	0.9212388796997394	0.9188321611692893	0.9164411794092073	0.9140659605033037	0.9117066136877807	0.9093633067544981	0.9070362263042637	0.9047255250632908	0.9024312679885541	0.9001533936431445	0.8978917028167658	0.8956458769500978	0.8934155206982041	0.8912002182684333	0.8889995917819737	0.8868133512925678	0.8846413295917315	0.8824834993294813	0.8803399740565718	0.8782109978964845	0.8760969305099573	0.873998234759712	0.8719154737956618	0.8698493218158618	0.8678005885019524	0.8657702519368675	0.8637594903814743	0.8617697013304311	0.859802497506801	0.8578596732336977	0.8559431394093286	0.8540548296270731	0.8521965830362495	0.8503700113044839	0.8485763579391827	0.8468163587690499	0.8450901129439843	0.8433969744223326	0.8417354741745315	0.840103282498811	0.8384972182742725	0.8369133076933426	0.8353468899265937	0.8337927626501846	0.832245357472505	0.8306989342623772	0.8291477836952713	0.8275864282719756	0.8260098131607053	0.8244134793344345	0.8227937125760854	0.8211476628825058	0.8194734295405743	0.8177701078872595	0.8160377949728804	0.8142775534074191	0.8124913355245762	0.8106818731051753
