0.0	3.925246089313963	3.919928726277228	3.9111801290921795	3.899165775761103	3.884106677100773	3.866269233317831	3.845953392919963	3.8234799191986277	3.7991775891245156	3.773371099683864	3.746370347573031	3.718461595119483	3.6899008564593823	3.66090965183074	3.6316731009747816	3.6023401724000617	3.5730257828952325	3.5438143562432933	3.5147644028996545	3.485913671701563	3.4572844464663444	3.428888609060471	3.400732159679958	3.3728189676793168	3.3451536151951218	3.3177432841118515	3.290598718246154	3.2637343615350902	3.237167825335363	3.2109188710786656	3.1850081076417727	3.1594555968121387	3.134279537712124	3.1094951658393635	3.08511395918938	3.0611431977909778	3.037585878764678	3.0144409508551693	2.9917038035769528	2.9693669282733577	2.947420662290553	2.9258539320861234	2.904654925594778	2.883811640848518	2.8633122851880204	2.843145518650486	2.8233005564581077	2.803767160281325	2.7845355569137484	2.7655963242633854	2.7469402879831564	2.7285584448306577	2.710441945242441	2.692582132502986	2.6749706351186866	2.6575994978298163	2.6404613093926645	2.623549349350338	2.606857684237201	2.5903812119934804	2.5741156480889007	2.5580574368895066	2.542203601960524	2.5265515441501374	2.511098804331798	2.495842812402067	2.480780644928504	2.4659088126082387	2.451223095276698	2.4367184364441807	2.422388892853855	2.408227585873927	2.394226759835062	2.3803779640058895	2.3666724279708378	2.353101337625229	2.3396560218095273	2.326328132444031	2.3131097667194234	2.2999936212157213	2.2869731911146896	2.274042890195628	2.261198047647015	2.2484347826476094	2.235749898167671	2.2231407805720496	2.210605255377332	2.198141426007644	2.1857475246163505	2.173421992492254	2.1611641356975415	2.1489742903208175	2.1368525252145827	2.1247982870910542	2.1128105328993168	2.100887768526944	2.0890280871257567	2.0772292152373693	2.0654885694928087	2.053803334018261	2.0421705557715657	2.0305872301554424	2.0190503049125894	2.0075564551777267	1.99610157934701	1.984681016637983	1.9732916023812865	1.9619323737451408	1.9506021736553159	1.9392980917100013	1.928016466664987	1.9167547807570955	1.9055118179891197	1.8942870435851964	1.8830802904196131	1.8718916603737639	1.8607216846791568	1.8495716821354486	1.8384445298812397	1.827345146582616	1.8162801918105906	1.8052580144758077	1.7942884419298202	1.78338191844639	1.772548634321816	1.7617978759895272	1.7511376203678775	1.7405741642257968	1.7301114170976475	1.7197503219741561	1.7094892333516405	1.6993249369024643	1.6892531713947654	1.679268648752672	1.669365269080354	1.659536849343519	1.6497778835103905	1.640083848747928	1.6304511760751665	1.6208772288540887	1.6113604249129965	1.6019005827050092	1.5924996011661026	1.5831621887459768	1.5738961385332426	1.5647120278111606	1.5556225593507613	1.546641726889337	1.5377838505813233	1.5290624924302616	1.5204893388899794	1.512073173466944	1.5038190350307776	1.4957277175285606	1.487795823310584	1.4800163495608736	1.4723793653351418	1.4648723670251182	1.4574804456840007	1.450186625039543	1.4429724287365333	1.4358185868340825	1.4287058958978638	1.4216162063719688	1.4145333883960345	1.407444156058202	1.4003387219642074	1.3932112900415565	1.3860603842111028	1.3788889864820906	1.371704443534028	1.3645181056454045	1.3573446821965898	1.3502013339777859	1.343106576519646	1.3360791261441394	1.3291368429738206	1.3222958778506362	1.3155700390530805	1.3089703460668507	1.3025047541278294	1.2961780353021575	1.2899917811052557	1.2839445215409422	1.2780320017940339	1.2722476414557373	1.2665831524557856	1.2610292654943311	1.2555765013327398	1.250215910333334	1.2449397072616728	1.2397417534631119	1.2346178674596544	1.2295659611522827	1.2245859996949036	1.2196797782981417	1.2148505131461707	1.210102264659819	1.2054392437809835	1.2008650812704889
0.2617993877991494	1.413430325566659	1.4133797331982711	1.4133018281749443	1.4132034601960473	1.4130916039756505	1.4129719446681108	1.412847449648905	1.4127171307704298	1.4125751718329767	1.4124105419251207	1.412207146114387	1.4119444921938102	1.4115987870366498	1.411144327633755	1.4105550256358423	1.409805901683707	1.408874404645983	1.4077414458226185	1.4063920822803473	1.4048158295408137	1.4030066255131128	1.400962500231533	1.3986850270889035	1.3961786403437206	1.3934499018968878	1.3905067899917924	1.387358066464249	1.384012760387372	1.3804797870265113	1.376767703986582	1.3728845926825377	1.368838043520396	1.3646352175880234	1.3602829559083491	1.3557879087695413	1.3511566615026498	1.3463958384604204	1.3415121730503747	1.3365125377758558	1.3314039338338621	1.326193444496373	1.3208881600569375	1.315495084298837	1.310021033913431	1.30447254151499	1.2988557721508198	1.2931764608800758	1.287439876192715	1.281650811003105	1.2758135999348525	1.2699321575649924	1.2640100344378757	1.2580504783587223	1.2520564966080112	1.2460309125809563	1.2399764073057586	1.2338955484047394	1.2277907977439426	1.2216645062115399	1.2155188957047325	1.2093560367208886	1.2031778193896447	1.1969859306403525	1.190781839737857	1.1845667947755243	1.1783418319461993	1.1721077974577285	1.1658653804897137	1.159615154538288	1.1533576241786037	1.1470932770126505	1.1408226578739151	1.1345464955720388	1.1282656729264973	1.1219810757063653	1.1156936848331116	1.1094046193423748	1.1031151450585446	1.0968266539016	1.0905406244346953	1.084258578572764	1.077982106493963	1.0717128766934634	1.0654525997941875	1.0592029963233922	1.0529657855571548	1.0467426689260118	1.040535318219359	1.034345352107863	1.0281741719568787	1.0220226565764212	1.0158913167273051	1.0097807499549394	1.0036917622769939	0.9976252078398663	0.9915819525730962	0.9855629094323908	0.9795690652343305	0.9736014786493576	0.9676612616104798	0.9617495485549801	0.9558674585732491	0.9500160672842535	0.9441964143779822	0.9384095213820971	0.9326562114820109	0.9269369516176317	0.9212525067316227	0.9156044930563411	0.9099949253476713	0.9044254403759948	0.8988972073235365	0.8934113529541761	0.8879690417577866	0.8825710386489818	0.8772173370302817	0.8719071867918036	0.8666391933446574	0.8614113431398304	0.8562211855816697	0.851065976083825	0.8459424883916655	0.8408469655018098	0.8357755243853401	0.8307246216879306	0.8256911524011588	0.8206723989027003	0.8156662168619635	0.8106713353403352	0.805687415793951	0.8007147793502221	0.7957541513721887	0.7908067359895365	0.7858742477240364	0.7809586374998843	0.7760618548545868	0.7711857214100151	0.766331784825153	0.7615011904528854	0.756694614467498	0.7519122180836304	0.7471535780916123	0.7424176442583021	0.7377028390694593	0.7330072919972271	0.7283290203193348	0.7236659447777043	0.719015865789838	0.7143765977091758	0.7097463003771463	0.7051238682958889	0.7005091994586926	0.6959032417508622	0.6913078209148427	0.6867253420370898	0.6821585359061165	0.6776104196920291	0.6730844567241893	0.6685847109055628	0.6641158080339568	0.6596826856069196	0.6552902861086725	0.6509433526771902	0.646646324652497	0.6424032343148753	0.6382175620490675	0.6340920869094693	0.630028784052541	0.6260287907234222	0.6220924336691328	0.6182193022731728	0.6144083566930385	0.6106580643320383	0.606966553877736	0.6033317673420028	0.599751586933734	0.5962239231905457	0.5927467699363105	0.589318245004534	0.5859366348298958	0.5826004546168615	0.5793085248552124	0.5760600405953934	0.572854591733348	0.5696921102214084	0.566572761758523	0.5634968270980251	0.5604646116676298	0.5574763932898466	0.5545323937571427	0.5516327559705284	0.5487775177995581	0.5459665842077297	0.5431997049393615	0.5404764662091032	0.5377963019662613	0.5351585241578692	0.5325623648052848	0.530007019643471	0.5274916850318367
0.5235987755982988	0.04730208742129452	0.04702518616742138	0.04658018771984801	0.045990964181276794	0.04528857597253694	0.04450898966315675	0.04369057368937382	0.0428716282679287	0.042088182437726496	0.04137223956096431	0.04075058242412055	0.040244172046308424	0.03986810212299652	0.03963201338327363	0.039540835277627584	0.0395957085598693	0.03979494984272486	0.04013494343978455	0.04061088034191357	0.04121730218933353	0.04194844354036931	0.042798394149458796	0.04376112187210024	0.044830405674627705	0.04599972809144923	0.04726216945010989	0.04861033487512767	0.050036332076161094	0.05153180543817834	0.05308802157894424	0.05469599426700031	0.056346632705448374	0.05803089645453288	0.05973994207842989	0.06146525013197904	0.06319872546758726	0.06493276823554975	0.06666031674669787	0.06837486615829341	0.07007046858681579	0.07174172077602997	0.07338374506185669	0.07499216827323787	0.07656310203774985	0.07809312614398908	0.07957927545105989	0.081019029576364	0.08241030368614743	0.08375143819342834	0.08504118504667516	0.08627868792670337	0.08746345545191023	0.08859532595481426	0.08967442325859037	0.09070110619674865	0.09167591267021366	0.09259950404582834	0.09347260964332019	0.09429597933123957	0.09507034651402516	0.09579640603778705	0.09647480603994818	0.09710615595976516	0.09769104906914469	0.0982300962718354	0.09872396707224179	0.09917343277854787	0.09957940681928867	0.09994297745640249	0.10026542910827302	0.10054825037797374	0.10079312734620938	0.1010018815511041	0.10117647212604083	0.10131898612352125	0.10143155166687023	0.10151628665630233	0.1015752600131131	0.10161044832264124	0.10162370254851627	0.1016167139802964	0.10159098271766948	0.10154781573583985	0.10148834539406865	0.10141353805311845	0.10132420409531248	0.1012210105795402	0.10110450073261475	0.10097512688020747	0.10083332423685547	0.10067952832608378	0.10051403197379853	0.10033706958545648	0.1001489046454578	0.09994982415617214	0.09974010127259068	0.09951999649157149	0.09928976841524927	0.0990496745532022	0.09879997046767251	0.09854091065176358	0.09827275137718287	0.09799575687668334	0.09771021750999646	0.09741649349267141	0.09711500620996473	0.0968059521535919	0.09648909539668697	0.09616423171449169	0.09583144275253917	0.0954907217132204	0.09514168152455325	0.09478382717058569	0.09441696721353592	0.09404122434004154	0.09365677892786044	0.0932637254025293	0.0928620634596332	0.09245164921054815	0.09203213147559317	0.0916030880726127	0.09116416716381454	0.09071501265355184	0.09025522355458045	0.08978441941965194	0.08930222647747872	0.08880816887083852	0.08830160445667534	0.08778178670863646	0.08724797593156311	0.08669944339030647	0.08613538258873128	0.0855549162678108	0.08495726423352597	0.08434190361071131	0.08370856106517996	0.08305709710841763	0.08238742301368537	0.08169949809833994	0.08099336832893451	0.08026919605815848	0.07952724584183807	0.07876781575572403	0.07799117017336847	0.07719756876032298	0.07638738737010646	0.07556120312377976	0.07471976082736075	0.07386387984723018	0.0729944039528156	0.07211223055720822	0.07121839168058067	0.0703141374658468	0.06940097885174935	0.06848066402534472	0.06755509829995726	0.06662627365570054	0.06569628584873492	0.06476741047353242	0.06384210694357995	0.06292288584920605	0.062012117660061816	0.061111892604469906	0.060223960689487946	0.0593497123895472	0.05849016076525285	0.05764591921136214	0.056817190275419385	0.0560037786394659	0.055205129713687545	0.054420388127144614	0.05364846963344244	0.05288814167267236	0.052138108883447276	0.05139709872716719	0.05066393917399682	0.04993761854516715	0.04921732283961085	0.048502457455410194	0.04779266552985251	0.047087846526679605	0.04638816914150862	0.04569407167134157	0.04500624118844759	0.04432556080011499	0.043653025073061194	0.04298964136112714	0.04233634019519977	0.04169390831397102	0.04106294631824661	0.04044384792963991	0.03983679774422043	0.03924178496992485	0.038658630495689836	0.038087024375020734	0.03752657076085322	0.036976836824966774	0.03643740073111869	0.03590789234896169	0.03538802088266582
0.7853981633974483	0.41939924147458885	0.4187319557449869	0.41763932913594626	0.4161477938643635	0.4142908543966536	0.41210660147817957	0.4096350115765566	0.4069153162811349	0.40398370151284746	0.4008715402440006	0.39760428490885086	0.39420105934299454	0.3906749076325249	0.38703358947313643	0.3832807658746665	0.37941739844056205	0.37544318903148083	0.3713579100797285	0.3671625127413999	0.3628599433063602	0.3584556411869903	0.35395772913697693	0.34937693475641163	0.34472630040680324	0.3400207466536308	0.33527655375532034	0.3305108187002091	0.32574093424559053	0.32098412356634953	0.3162570513085676	0.311575520386707	0.30695425455529574	0.302406759950264	0.29794525438236114	0.29358065087369695	0.2893225813227592	0.28517944679936835	0.28115848239287367	0.27726582644728054	0.2735065861939645	0.26988489411042493	0.2664039517036678	0.26306605979376146	0.2598726364916001	0.25682422616364114	0.25392050408727945	0.25116028241838945	0.24854152334341648	0.24606136468321255	0.24371616192671053	0.2415015489920247	0.23941251800700586	0.2374435146625699	0.23558854771721696	0.2338413045577783	0.2321952684420506	0.23064382932913696	0.2291803852244699	0.22779842752939888	0.2264916076631238	0.22525378244684077	0.22407904208341461	0.22296171939618425	0.22189638445277232	0.2208778282597754	0.21990103962961577	0.21896117937510085	0.21805355568710738	0.21717360402497865	0.21631687420690107	0.2154790265522809	0.2146558424000894	0.21384329845587802	0.2130375390444534	0.21223484287310312	0.21143171717428402	0.21062493951648537	0.2098115992134707	0.20898913314600315	0.20815535125062012	0.20730846616588375	0.20644712767506782	0.20557041766699294	0.20467782193645165	0.20376921812508553	0.202844857573662	0.20190533387471452	0.20095154134862106	0.1999846166090735	0.19900581532107142	0.19801643866084087	0.1970180236059696	0.1960122361301123	0.195000753136283	0.19398529800011982	0.19296765652818224	0.19194963507532034	0.19093303683988266	0.18991964783106155	0.18891121781370662	0.18790943786539968	0.18691591590670828	0.18593215104399474	0.18495950023697272	0.18399911984345402	0.183051951882285	0.18211903171870963	0.1812017119813239	0.18030106103834656	0.17941764031424057	0.17855198381036216	0.1777048572035487	0.17687685867311567	0.17606792900514087	0.1752774911331937	0.17450481508723104	0.17374907336277265	0.1730092686961098	0.17228431408220776	0.17157315561086867	0.17087461256978315	0.1701872399578193	0.16950947730153965	0.16883970856393266	0.1681762500020741	0.1675174444758068	0.16686178349011868	0.16620796476937666	0.16555482257420265	0.16490122141556324	0.16424607078229078	0.16358841303495192	0.16292736519449236	0.16226189368863475	0.1615907119504316	0.16091242268063968	0.1602256830411296	0.15952923635024657	0.15882187544235296	0.15810243290760292	0.15736981417184562	0.15662307145270696	0.15586152223483232	0.15508484570738257	0.1542930636526622	0.1534864586957979	0.15266558031214508	0.15183135087326838	0.15098515535568008	0.15012884229992948	0.1492646477407678	0.14839507689314071	0.14752276629379113	0.1466503475490183	0.14578034251572997	0.14491510341921487	0.14405675165910847	0.14320705992142024	0.14236734449818383	0.14153848587699852	0.14072104564247517	0.13991535829004892	0.13912156898969558	0.13833966890543112	0.1375695617436764	0.13681115532484703	0.13606445350216	0.1353296289240653	0.13460707281343448	0.13389742548889425	0.13320158927634845	0.13252072260222506	0.1318562135646375	0.1312096319949763	0.13058266129343649	0.12997701614393578	0.1293943565100479	0.1288362048489742	0.12830386265620877	0.12779832037862948	0.1273201689438185	0.12686952976417912	0.12644601240250103	0.12604870605398452	0.1256762125252196	0.1253267158599208	0.12499806999782218	0.12468789038116589	0.12439364646021574	0.12411275326022846	0.12384265557794993	0.12358089725657771	0.12332517116958104	0.123073349293983	0.12282349418570171	0.12257385359787012	0.12232284084803477	0.12206900596227645	0.12181100500611898	0.12154757481908512
1.0471975511965976	0.1898576566786007	0.1896691466360212	0.18936926190621212	0.18897839964128138	0.1885227129186136	0.18803188616686262	0.18753671768387872	0.18706677228874097	0.18664834111765255	0.18630288974213458	0.18604610047829945	0.18588753260156532	0.18583084780012835	0.1858744880630469	0.18601265608334225	0.18623643653130395	0.1865349083281484	0.18689612806391823	0.18730790567874966	0.1877583376725716	0.1882361034678644	0.18873056197226626	0.18923170501701747	0.1897300316374096	0.19021640350929742	0.1906819299991903	0.1911179146194562	0.1915158766205685	0.1918676449343527	0.1921655088369664	0.19240240171242523	0.1925720914222218	0.19266935248991252	0.1926901004887428	0.19263147626375976	0.19249187546565324	0.19227092603511195	0.19196942180885276	0.19158922379335622	0.1911331417945731	0.19060480826603396	0.1900085539872868	0.1893492920975486	0.18863241398378658	0.1878636974434549	0.18704922560326226	0.18619531368000575	0.18530844018834441	0.18439517937800656	0.18346213237800835	0.1825158550877232	0.18156278279165533	0.18060915115554352	0.17966091486848526	0.17872366622413316	0.17780255531763473	0.17690221609077572	0.17602669851938613	0.17517941178617158	0.17436308220403954	0.17357972478053363	0.17283063199623885	0.17211638035622284	0.1714368539505659	0.17079128392130222	0.17017830168891462	0.16959600311252826	0.16904202030283547	0.1685135976424908	0.1680076687010154	0.16752093155643225	0.16704991898867094	0.16659102466570816	0.16614060181766613	0.16569502614345588	0.1652507219945949	0.1648041993959406	0.16435208315453448	0.1638911417392816	0.16341830657593598	0.16293068856581888	0.16242561274015913	0.16190064634185514	0.16135360470515256	0.1607825593088691	0.16018585346526334	0.15956211770562273	0.15891028325315804	0.15822960396264016	0.15751971468553458	0.1567806176249419	0.15601257113707476	0.15521622006547248	0.15439257861838587	0.15354292788186147	0.1526688362826963	0.15177214551067378	0.15085493595017627	0.14991949655766673	0.14896829181911234	0.1480039275361118	0.14702911555298329	0.1460466370410801	0.14505930738425415	0.14406994611832638	0.1430813019332946	0.14209589983908683	0.14111615091338	0.14014463951846742	0.13918382268366558	0.138235652835142	0.13730164743083068	0.13638334211329814	0.13548238504284904	0.13460018684922948	0.13373782901450892	0.1328961403959981	0.1320756880596131	0.13127670976953454	0.13049913350128664	0.1297427289720868	0.12900709585907422	0.1282915621283343	0.1275951943527199	0.1269167976032884	0.1262548761961641	0.12560759202407512	0.12497278635630564	0.12434806616870238	0.12373086555021279	0.1231184392998162	0.12250790138288102	0.12189642417434877	0.12128141518344712	0.12066046861760041	0.12003128939307878	0.11939172757328712	0.11873982443297686	0.11807383485005596	0.11739225181453397	0.11669382695555178	0.1159775688571697	0.11524273506450879	0.11448886322903204	0.11371583218185513	0.11292386533758328	0.11211345527943478	0.11128528691565218	0.11044020347778127	0.10957920425408045	0.10870346108707658	0.10781434732720176	0.10691346902402427	0.10600268315718774	0.10508409318026125	0.10416003670510905	0.10323309022004742	0.10230607316656119	0.1013820035692752	0.10046400463826714	0.09955519664987364	0.09865858830417122	0.09777697684464427	0.09691286662379876	0.09606840398467027	0.09524532877631649	0.09444494874419333	0.09366813931616118	0.09291536640166641	0.09218672726452529	0.09148200295618664	0.09080071568473115	0.09014218579866809	0.0895055847795043	0.08888998197009268	0.08829438358061314	0.08771776385085442	0.08715909112638011	0.08661735360448025	0.08609158655584945	0.0855808975033831	0.08508448389616247	0.08460163728929944	0.0841317286639454	0.08367417667756924	0.08322840863515099	0.0827938241568475	0.08236976768165877	0.08195551297470617	0.08155026016012575	0.08115314373715157	0.08076324948423809	0.08037963847466191	0.08000137667015976	0.07962756841465618	0.0792573915223591	0.07889013061761291	0.07852520464110299	0.07816218497550362	0.07780080246937161
1.3089969389957472	0.3188455328648832	0.3181161812914505	0.31692342910515575	0.3152993740635636	0.31328551555646283	0.31092992271477904	0.3082841245632784	0.30540003982044195	0.3023272382044474	0.2991107641775705	0.29578966902238224	0.2923963018610706	0.2889563188675933	0.28548929460112715	0.28200976843707243	0.27852853613418344	0.2750540006465904	0.27159342253812846	0.26815395149430377	0.2647433682689974	0.2613705133132752	0.2580454183145401	0.25477918616637396	0.25158368207903314	0.24847110425815222	0.24545349893460947	0.2425422744392678	0.2397477555682693	0.2370788054205368	0.2345425292761223	0.2321440651661619	0.22988645900059443	0.22777061824042436	0.22579533644900393	0.22395738074684166	0.2222516343655212	0.22067128649074783	0.219208061052332	0.21785247505810354	0.21659411573475945	0.21542192459480747	0.2143244760551575	0.21329023884256948	0.212307809929764	0.21136611391432558	0.21045456408741434	0.20956318543396257	0.20868270332579836	0.207804604441155	0.2069211778855143	0.20602554516036725	0.20511168531610344	0.20417446098613537	0.20320964731704744	0.202213963613187	0.20118510403885878	0.20012176159588752	0.19902364299055328	0.19789146575305253	0.19672693154750068	0.1955326784772392	0.19431220446379774	0.19306976745605434	0.19181026379331859	0.1905390895549249	0.18926199054130158	0.18798490699122522	0.1867138190930421	0.18545459886672	0.1842128732023035	0.18299390141005742	0.18180247219605714	0.1806428689424844	0.17951875181434543	0.1784330803135662	0.17738811740793548	0.17638542831651982	0.17542588115128213	0.1745096636421037	0.17363631434055557	0.1728047638719567	0.17201337276887957	0.1712599808824401	0.17054196785530648	0.16985630470869664	0.1691996066142037	0.1685681886505411	0.16795811905101804	0.16736525970634625	0.16678526005514607	0.16621362582215726	0.1656458870814914	0.16507755738253	0.16450423502959277	0.1639216808422964	0.16332582900295087	0.16271286252564507	0.16207926631157826	0.1614218782640595	0.1607379355302078	0.16002511436417155	0.1592815633266484	0.1585059292567265	0.157697370235852	0.15685554759863773	0.15598065847254575	0.15507357959475312	0.15413579422983198	0.15316913766718346	0.15217595698570335	0.15115924859505048	0.150122550551306	0.14906954384707233	0.14800394021870433	0.1469295980143165	0.14585039689639767	0.14477016590477948	0.14369265472092652	0.14262154099810065	0.14156038815227692	0.14051247469359399	0.1394807547360641	0.13846787254710805	0.13747613906501197	0.13650756900670058	0.13556389462558235	0.1346465763297461	0.13375679084337397	0.13289536725719597	0.13206273426889303	0.13125893090338486	0.13048360906688178	0.1297359325565634	0.12901449734646853	0.1283174143374591	0.12764242888273	0.1269869881821168	0.1263482836182067	0.1257232816680151	0.12510877463447348	0.1245014615074895	0.1238980506043103	0.123295376516918	0.12269050341391106	0.12208080867565545	0.1214640769379973	0.12083859515144621	0.12020322253994578	0.11955743603551318	0.1189013412773487	0.11823563821489519	0.11756153920503741	0.11688064219474222	0.11619477863338964	0.11550586574793374	0.11481577595481632	0.11412621740350079	0.11343863337792429	0.11275414174458331	0.112073513298409	0.11139717267317184	0.11072521083578546	0.11005741304882018	0.10939331385829183	0.10873227276912446	0.10807355353696747	0.1074163973911661	0.10676008825752267	0.10610401043794856	0.10544769835915464	0.10479087638425455	0.10413348627900526	0.1034757003162059	0.10281791818398846	0.10216074645240728	0.10150496141601416	0.10085145853176891	0.10020119146523879	0.09955510188434943	0.09891404377408047	0.09827871290950947	0.09764959346396689	0.09702692777661123	0.09641070920881134	0.09580069431144354	0.09519642978230823	0.09459729167591602	0.0940025358965489	0.09341135797826952	0.09282295728662796	0.09223659892856215	0.09165166751649936	0.09106770932151362	0.09048446138539597	0.08990186715943282	0.08932007867796626	0.0887394459746942	0.08816049563512318	0.08758390141517058	0.08701045019752694
1.5707963267948966	0.21920590337463364	0.2190355007758653	0.21876476281421509	0.21841223643515062	0.2180012849252242	0.21755781433407662	0.21710783074652018	0.21667511295798336	0.21627925460651065	0.21593426614116917	0.21564784183836094	0.215421304750832	0.2152501573410781	0.21512509953184078	0.21503333669227576	0.21495999026362012	0.21488944094720452	0.21480647230631877	0.21469713256444578	0.21454928500546644	0.21435286441116053	0.21409989234817006	0.2137843246317236	0.21340180962439959	0.2129494282829073	0.21242546980601285	0.21182927487401626	0.21116115621156462	0.21042238717785677	0.2096152357143648	0.208743014323725	0.20781011660398607	0.2068220160028924	0.20578521104054204	0.20470711121046825	0.20359586720193734	0.20246015653061977	0.2013089402793805	0.20015120823727983	0.19899572866944393	0.19785081600846666	0.19672412588214816	0.19562248293613382	0.19455174377089413	0.19351669488241763	0.1925209844867377	0.191567086732769	0.1906562969887603	0.1897887571210406	0.18896350968395925	0.18817857907135072	0.18743107794536673	0.18671733364845666	0.18603303073411714	0.185373363088582	0.1847331886398358	0.18410718153266536	0.18348997403717338	0.18287628611526274	0.18226103928366322	0.18163945434966644	0.18100713315579542	0.180360126810316	0.17969499254208499	0.17900884123236682	0.17829937723866696	0.17756493117050232	0.1768044852651014	0.1760176901126428	0.1752048708765921	0.1743670213925972	0.1735057827718809	0.17262336717857474	0.17172254887917526	0.17080660362658695	0.16987921456449218	0.16894437902969894	0.1680063049708771	0.1670692997247064	0.1661376540538143	0.16521553271900125	0.16430688757518142	0.16341535928559037	0.1625441815869092	0.16169610301485693	0.16087332211513095	0.16007743506503203	0.1593093996131787	0.15856952349687703	0.15785750133283016	0.15717240434500923	0.1565126926784427	0.15587623657961802	0.1552603578593158	0.15466190545015984	0.15407733180597571	0.15350277677180746	0.15293415951510447	0.1523672724622751	0.15179787682483897	0.1512217967656505	0.15063500844969263	0.15003371991168768	0.14941443975330548	0.1487740310869765	0.1481097217373718	0.14741916844169467	0.1467006907937798	0.14595325567056627	0.1451762616911847	0.14436936320483607	0.1435325826590026	0.1426666192560539	0.14177285805720158	0.14085322596319455	0.1399101055246803	0.13894630273769282	0.13796499932413797	0.13696966230405283	0.13596402904635907	0.13495210966571491	0.1339381100351691	0.1329263189936507	0.1319209641265866	0.13092607211340013	0.12994532930758385	0.1289819546708798	0.12803863827831963	0.1271175192853936	0.126220143641549	0.12534740371674385	0.12449954751494663	0.12367629490259746	0.12287690787782785	0.12210017412494156	0.1213444209632788	0.12060757173327957	0.11988720213401688	0.11918059644933926	0.11848482691991225	0.11779685132856188	0.11711360897062228	0.11643212061345626	0.11574960098262366	0.11506355127049489	0.11437179688129018	0.11367248405504404	0.11296406774535522	0.11224530973789104	0.11151528768638636	0.11077341075324565	0.11001943703605316	0.10925348344263125	0.10847601986692124	0.10768785335746339	0.10689012595014491	0.1060843334485208	0.10527232920335283	0.10445628354344683	0.10363860812122644	0.10282186100330049	0.10200864130452653	0.10120148788163053	0.10040279475421937	0.09961474282070831	0.0988392459772941	0.09807791500723417	0.09733204291756542	0.0966026120818686	0.09589031935550063	0.09519561218117734	0.09451872805261591	0.09385973099386868	0.09321854076912262	0.09259495281726893	0.09198864925129002	0.09139920358289327	0.09082608334770947	0.0902686539428027	0.08972618435608315	0.08919785422193272	0.08868276122472157	0.08817992615623282	0.08768829349928065	0.08720672999284884	0.08673402735716035	0.08626891547468979	0.08581009008839702	0.08535625522565232	0.08490617619980378	0.08445873663912457	0.08401299336751472	0.08356822464977065	0.08312396881453099	0.08268005107001353	0.08223659653982213	0.08179402764705146	0.08135304466334048	0.0809145898830535	0.08047979807359229
1.832595714594046	0.29079762574711915	0.29005125524681863	0.28883289344192115	0.28717955228485864	0.2851396599222186	0.2827698139189255	0.2801311876194083	0.2772859485640804	0.27429401941572473	0.271210443607885	0.2680835225708039	0.2649537847822647	0.26185374519986937	0.25880833062241326	0.25583579152661035	0.2529488977787883	0.2501562227457919	0.24746335171092282	0.24487389733991072	0.2423902575512032	0.2400141007066492	0.23774660292007174	0.2355884887352981	0.23353993865628853	0.23160042670854586	0.22976854173233793	0.22804183154010027	0.2264166933464389	0.224888320113288	0.22345070255845334	0.2220966811825872	0.22081804129265928	0.21960564538346936	0.21844959978071612	0.21733945461646823	0.21626443686892327	0.21521371482385612	0.21417668902219403	0.21314330023734965	0.21210434029035713	0.2110517477154641	0.20997886838254662	0.20888066185486276	0.20775383720726076	0.2065969078290567	0.20541016130450077	0.20419554785914729	0.20295649750812034	0.20169768118780318	0.200424734137338	0.19914396118503402	0.1978620405499845	0.19658574283188443	0.1953216750983539	0.19407605766494085	0.19285453728817073	0.19166203545446964	0.19050263418140737	0.18937949323377432	0.18829479866731288	0.18724973903489472	0.1862445091985284	0.18527833901885568	0.18434954642673987	0.18345561282359943	0.18259327852903548	0.18175865512081119	0.18094735074487298	0.1801546039173546	0.17937542111079358	0.17860471294168198	0.17783742635863878	0.1770687194399397	0.17629402340790182	0.17550912312020134	0.17471027089378977	0.17389426477019126	0.17305851838498984	0.17220110701615568	0.1713208079551106	0.1704171262736271	0.1694902960441747	0.16854127645389044	0.16757171985863636	0.16658392695297078	0.1655807846352081	0.16456568130087687	0.16354240591758784	0.16251502381685928	0.1614877027109012	0.16046460631048215	0.15944980179835214	0.15844720095453618	0.15746043130600118	0.15649270560648382	0.15554675305098828	0.15462474665801576	0.15372826033283293	0.15285823609485286	0.15201496777398246	0.15119810067457512	0.15040664696761402	0.14963901604070504	0.1488930545072178	0.14816609038310413	0.14745502585857748	0.14675645867419498	0.1460667195662836	0.1453820102146435	0.14469850277096902	0.1440125551499401	0.1433207953703897	0.14261999737446102	0.14190709846273258	0.1411792694169901	0.14043402264272414	0.13966926386502232	0.13888335813917096	0.13807522157456453	0.13724433428249025	0.1363907034123795	0.13551481612600055	0.13461763501839122	0.1337006510356584	0.13276589674296924	0.1318159455538709	0.1308538762281107	0.12988318579586164	0.12890765364022355	0.12793119984759205	0.1269577806345073	0.12599126776299613	0.12503526119293107	0.12409292309222586	0.123166871401318	0.12225914194286311	0.12137118593768359	0.12050384626921783	0.1196573213275009	0.11883115860155628	0.11802429249261961	0.11723511901977374	0.11646160517992928	0.11570142492528059	0.11495211602609336	0.11421124472893004	0.11347656086902255	0.11274613683446558	0.11201848204679314	0.11129262727042144	0.11056817646018152	0.10984531818978967	0.1091247879567143	0.10840778570145673	0.10769586179966097	0.1069907779350566	0.1062943497387567	0.10560829416401182	0.10493410314631274	0.10427294420920805	0.10362557120417493	0.1029922452220361	0.1023726946888706	0.101766130006662	0.10117129831261888	0.10058656025045874	0.1000099812914021	0.09943943646366929	0.09887272686039092	0.09830770240203539	0.09774238275015373	0.09717506854246788	0.09660443628001619	0.0960296108650646	0.095450210684659	0.09486636245789111	0.0942786863692337	0.09368825421775273	0.09309652405743349	0.0925052569293863	0.09191642511190241	0.09133212176204104	0.09075447776111598	0.09018558870064397	0.08962745422757416	0.08908193027678742	0.08855069391083123	0.08803522144490668	0.08753677974623889	0.08705642779933626	0.08659502395218144	0.08615323485459753	0.08573154365466737	0.08533025618681163	0.08494950433457121	0.08458924583571789	0.08424926006758314	0.08392914010090202	0.08362828228070623	0.08334587530601338
2.0943951023931953	0.229286071636967	0.2291218192610871	0.2288605350409138	0.2285192746144709	0.22811912716054045	0.2276829114173774	0.22723273752977421	0.2267877421441024	0.22636226692050637	0.2259646763863126	0.22559691342126398	0.22525478625234763	0.2249288861670213	0.22460596380565057	0.22427055239937352	0.22390662117083393	0.2234990679633368	0.22303490905436626	0.2225040854068484	0.22189986716920462	0.2212188923670998	0.2204609146436056	0.2196283554045088	0.21872575816579215	0.21775923051640483	0.216735936954582	0.21566367960395955	0.2145505786715212	0.21340484440340113	0.21223461945280556	0.2110478654704988	0.20985226935438883	0.2086551509431651	0.20746336257139741	0.20628317949073027	0.20512018690165593	0.20397917320128986	0.2028640398285491	0.20177773627119658	0.20072222536722464	0.19969848011493666	0.19870650984272178	0.19774541143953286	0.19681344088185224	0.19590810086571256	0.19502624209110847	0.19416417743441788	0.1933178094852087	0.19248277218842155	0.19165458645514027	0.19082882722581726	0.19000129839924423	0.18916820627349165	0.188326323761597	0.18747313404971488	0.18660694314901233	0.18572695377459325	0.18483329287898415	0.18392699290476172	0.1830099261491663	0.18208469944345368	0.18115451526264412	0.18022300991255463	0.17929407886313342	0.17837169897419414	0.1774597563267103	0.17656188667174055	0.17568133371507064	0.17482082880664607	0.17398249429383938	0.17316777232934757	0.17237737853806828	0.1716112444940827	0.17086856655880436	0.17014784122406673	0.16944691815314739	0.16876307441865335	0.1680931164241447	0.16743349400651797	0.16678042127691511	0.16613000674080575	0.1654784038171088	0.1648219365188056	0.16415720738256676	0.1634811921624294	0.1627913176804555	0.16208551693002354	0.16136226504880963	0.16062060538050463	0.15986019210264038	0.15908125509187593	0.15828458603335613	0.15747141960774647	0.15664338561040028	0.15580248697340343	0.15495101181573182	0.1540914624187393	0.15322648395559615	0.15235878620950688	0.1514910650263935	0.15062592445066264	0.14976579998938153	0.14891288310579506	0.14806904842749785	0.14723578315718153	0.1464141032093147	0.14560457940610755	0.14480748723150585	0.14402262913006428	0.14324918835421308	0.1424856562744058	0.14173000574566336	0.1409799944131683	0.14023320975549003	0.13948708959219397	0.13873895249639767	0.1379860829607615	0.13722583731688184	0.13645572469935718	0.13567356404536587	0.13487759386709267	0.13406653274258445	0.13323964415943373	0.13239671667040673	0.13153801517175617	0.13066420730938294	0.1297762995243953	0.12887562320684684	0.12796382064659928	0.1270427778421011	0.12611453006672615	0.12518123374717735	0.12424521802001913	0.12330895723155719	0.12237496024550848	0.12144567019935532	0.12052338156240036	0.1196101639553828	0.11870779306421456	0.11781770933748292	0.11694100695807738	0.11607843884897853	0.11523044461349406	0.1143972055313357	0.11357869818133148	0.11277473023335585	0.11198497333738996	0.11120899978412027	0.11044632339962807	0.10969644667054439	0.108958910480617	0.10823333624822855	0.1075194483772601	0.10681707318915791	0.10612612864076847	0.1054466321439541	0.10477872892978937	0.10412270429586322	0.10347896113004777	0.1028479743135317	0.10223022520023634	0.10162612421333488	0.10103594523523714	0.10045978377290245	0.0998975320756955	0.09934886457941618	0.09881323582488764	0.0982898964978808	0.09777792983171789	0.097276304455437	0.09678393571724528	0.09629974699253853	0.09582272396478497	0.09535195715573769	0.09488667086524938	0.09442623985534193	0.09397019779260513	0.09351824225939272	0.09307023883370244	0.0926262229564791	0.09218639627788602	0.09175111326956545	0.09132085387253401	0.09089618212373059	0.0904776965178076	0.09006598014079623	0.08966155820710522	0.0892648688707284	0.0888762494147761	0.0884959356670955	0.08812407030553907	0.0877607159308076	0.08740586988325948	0.08705947849116392	0.08672144847157481	0.08639165289597696	0.086069929146078	0.08575606730263283	0.08544978952562357	0.08515072347159015
2.356194490192345	0.2801226104490989	0.2793699490415778	0.2781433052446456	0.2764836267597336	0.27444480997742143	0.2720900229756372	0.2694876181890069	0.26670703825354847	0.2638150866317604	0.26087285818941014	0.2579335184633281	0.255041002010152	0.25222958823702835	0.24952422283860975	0.24694139450894645	0.24449035368992933	0.24217447025330785	0.2399925627160034	0.2379400824286514	0.23601009105083814	0.23419401882737245	0.23248222789380754	0.23086442585522696	0.22932998050594133	0.22786817987488667	0.2264684675223242	0.22512066631028882	0.22381518916866958	0.22254322569346913	0.22129688999841193	0.22006931767942267	0.21885470636265347	0.21764830273381533	0.21644634678114583	0.21524598929666436	0.21404520036831176	0.21284268451074168	0.2116378129370344	0.21043057660626696	0.2092215566590479	0.20801190318859447	0.2068033100584959	0.2055979732664542	0.20439852261552455	0.20320792148257913	0.20202933491262262	0.20086597206071008	0.19972091353834293	0.1985969369610909	0.1974963544836732	0.1964208753479489	0.19537150137476955	0.1943484632612678	0.1933511976116521	0.19237836401665578	0.1914278977288035	0.19049709111914762	0.18958270141756747	0.18868107513144217	0.1877882869781606	0.1869002881455075	0.18601305872052484	0.18512276150985824	0.18422589156819866	0.18331941586631978	0.18240089677752833	0.1814685927713498	0.1805215300568147	0.1795595400164725	0.17858325907520822	0.17759408934549883	0.17659412313854786	0.1755860858160187	0.17457314585760259	0.17355874398689056	0.17254645199963559	0.1715398203806826	0.17054222354076257	0.16955671863697652	0.16858593202307864	0.16763197243380468	0.16669635449026454	0.16577995979794757	0.16488302396726354	0.1640051471486432	0.1631453301753246	0.16230203036628993	0.16147323400931524	0.16065653355133092	0.15984917678922098	0.15904819604643144	0.15825055181550485	0.15745328307660045	0.1566536272406324	0.15584908654572718	0.1550375119933689	0.15421718075914215	0.1533868471803462	0.1525457689891508	0.15169371009706192	0.15083092099557383	0.14995809947000532	0.14907633462789385	0.1481870333887654	0.14729182989008754	0.1463925316800073	0.1454910906605548	0.14458948406274783	0.1436897102974784	0.14279373150659036	0.14190343904823038	0.14102055038318895	0.14014636853607093	0.13928176678680815	0.1384271772419583	0.13758253446093827	0.13674728583044155	0.13592044663021974	0.1351006811716995	0.13428633156925843	0.13347545681028303	0.13266590975029824	0.1318553946008493	0.1310416114228755	0.130222444611269	0.12939610660688142	0.12856124157987486	0.1277169900931099	0.12686301364976443	0.12599950638362922	0.12512720682116646	0.12424734711669534	0.12336150661992482	0.12247149365235302	0.12157928816810365	0.12068699476349759	0.11979678242092358	0.11891079793551615	0.11803106371322769	0.11715939697610032	0.11629736663175255	0.11544628391543782	0.11460722645722832	0.11378108892425812	0.11296865551748554	0.11217068085768479	0.11138795577871707	0.11062135580512776	0.10987188254479993	0.10914069865002633	0.1084291496783222	0.10773876100762958	0.10707119843488214	0.10642819461711564	0.10581145289632386	0.10522253469613659	0.1046627376072948	0.10413298295495861	0.10363372041513488	0.10316483636857006	0.10272555992450286	0.10231438636474915	0.10192904713533464	0.10156653434456359	0.10122316524418025	0.10089467443087996	0.1005763331664826	0.10026309767446258	0.09994978283142959	0.09963125190734728	0.09930261083738069	0.09895939616539573	0.0985977467832427	0.09821454994814743	0.09780755275351274	0.09737543236822364	0.09691782141075547	0.09643528715535687	0.09592926527948026	0.09540195287723213	0.0948561708908348	0.09429520962069175	0.0937226708228461	0.09314231617488877	0.09255792692807133	0.09197317694215655	0.09139152143351142	0.09081610413238586	0.09024968455484363	0.08969458533448753	0.08915265840214316	0.08862526878406117	0.08811329525230126	0.08761714718241122	0.08713679655997872	0.08667182341783652	0.08622147242512246	0.08578471804082638	0.08536033554367256	0.08494697523620623
2.6179938779914944	0.23328467238227488	0.23312282457009423	0.23286500869495558	0.23252726255049833	0.23212913127704066	0.23169136095194964	0.23123349150454217	0.23077167271005458	0.23031698312923354	0.22987444802335683	0.22944284393166842	0.22901526342162298	0.22858031190161127	0.22812373419575474	0.2276302308404473	0.22708522487693858	0.2264763747907071	0.22579468860216298	0.22503516554792052	0.2241969626255427	0.22328314279553113	0.22230010268473005	0.22125679730987596	0.22016387879193233	0.21903284956037886	0.21787530425640148	0.21670230490618703	0.21552390654526582	0.21434882920943246	0.21318425887598016	0.2120357543966853	0.21090723808550954	0.20980105196839718	0.208718067206119	0.2076578387542571	0.20661879963809343	0.2055984889484749	0.20459380530297105	0.20360127412160645	0.20261731392945684	0.2016384851569139	0.20066170531943373	0.19968441717241173	0.19870470130927637	0.19772133041432957	0.1967337686352523	0.19574212469538368	0.19474707092967997	0.19374974186417593	0.19275162530930814	0.1917544560515567	0.1907601204541031	0.18977057294222774	0.1887877663005283	0.18781359268142406	0.18684983151843318	0.1858981024634649	0.18495981967405187	0.1840361493178166	0.18312796985719046	0.1822358395739186	0.18135997304296725	0.18050023053325678	0.17965612179083232	0.178826824613699	0.17801121706639	0.17720792084206619	0.17641535244935302	0.17563177868879268	0.17485537327226064	0.17408427271236757	0.17331662865736835	0.1725506182156312	0.17178453781596945	0.17101685220626983	0.1702462285611155	0.1694715769708702	0.1686920846234806	0.1679072453281162	0.16711687366642036	0.16632110706004763	0.16552042223946528	0.16471562076816484	0.16390777996366213	0.16309819327689049	0.16228830127337787	0.16147961234871694	0.16067361915944053	0.15987172422793317	0.159075204724429	0.15828512733116695	0.15750228278457024	0.1567271178003212	0.15595969744526808	0.15519969738224604	0.15444641662216174	0.15369879774084533	0.15295546127704307	0.1522147532479408	0.15147480370459154	0.15073359432791586	0.14998903187503015	0.14923902347158632	0.14848155090338205	0.14771473731583998	0.14693687150887177	0.14614648010024053	0.14534255592298323	0.14452453927947453	0.143692138861371	0.14284518854579534	0.1419838130655533	0.1411087185671781	0.14022110371081892	0.13932247855018806	0.13841457869924595	0.13749932453273167	0.13657875310925488	0.13565493086956404	0.13472995726865272	0.13380593906069554	0.1328849047930195	0.13196876232839685	0.13105922436292827	0.13015770986018077	0.12926525889469487	0.1283824941104066	0.12750965244703324	0.1266466397394866	0.12579305491740453	0.12494820908595866	0.12411123646399326	0.1232813024955396	0.1224577152113031	0.12163991734058668	0.12082751052465693	0.12002031886087267	0.1192184286887048	0.11842219518318688	0.11763224512466576	0.11684948086361789	0.11607507214057253	0.11531044717925934	0.11455729725055629	0.11381757074906619	0.1130934272050333	0.11238716252388231	0.11170113190485044	0.11103768131834703	0.11039908361125152	0.10978747258701804	0.1092047686475495	0.10865258932506425	0.10813214600141334	0.10764414614681803	0.10718873504436643	0.10676548503327107	0.10637338893627739	0.10601082591197962	0.10567551957025881	0.10536451640132466	0.10507419923825304	0.10480034342803622	0.104538210788699	0.10428266799464422	0.10402832284821995	0.10376967918102845	0.10350130968427333	0.10321804014758085	0.10291513331553509	0.10258845842053069	0.1022346333988998	0.10185112944553201	0.10143633132416682	0.10098955166466311	0.10051100282669505	0.10000173485493027	0.09946355059680952	0.09889890650070386	0.09831080191376038	0.0977026573343564	0.09707818255762016	0.09644123581938555	0.09579567980106451	0.09514524787861553	0.09449343424343913	0.09384341526205768	0.09319800396489844	0.09255963609176504	0.09193038294490749	0.09131198385465776	0.09070589046055093	0.09011331592590995	0.08953528347148944	0.08897266939332096	0.08842623592944329	0.0878966496885625	0.08738448289377197	0.08689019763999611	0.08641411668368143
2.8797932657906435	0.27615752447010367	0.27540259448972404	0.2741734065665856	0.27251310735804457	0.27047860888429076	0.2681366308929618	0.2655592953494551	0.2628197068257262	0.2599879181401197	0.2571275984775152	0.25429360724907624	0.2515305507346287	0.2488722797617856	0.24634219165937798	0.2439541390025476	0.2417137247718406	0.23961977526137967	0.2376658199066829	0.2358414596896301	0.23413356099854776	0.23252725967367793	0.23100679374170652	0.2295562003878716	0.2281599142083025	0.22680329378298203	0.2254730876812272	0.22415783481529583	0.22284818214865076	0.22153709784145592	0.22021996058143056	0.21889451485241873	0.21756069471181605	0.21622033223026127	0.21487677824455687	0.21353447040958962	0.21219848571664124	0.21087411181537974	0.2095664647098301	0.20828017136925392	0.2070191263086757	0.20578632287818355	0.20458375392923756	0.20341237323719608	0.20227210794789718	0.20116191366598946	0.20007986536384326	0.19902327922595908	0.19798886151264172	0.19697288036256866	0.19597135502596585	0.19498025561548915	0.1939957019121754	0.19301415226885799	0.19203256836505112	0.19104854580645514	0.19006040152605808	0.18906721130883408	0.1880687999018088	0.1870656836486707	0.18605897500867907	0.1850502587161139	0.18404145050544685	0.18303465045853506	0.18203200114435758	0.18103555862971665	0.18004718209135917	0.1790684452709687	0.17810057093267762	0.17714438797567794	0.17620030994770353	0.17526833269013303	0.17434805084387217	0.17343874037577878	0.17253935055718977	0.17164854349578035	0.1707647909316113	0.16988645415865344	0.16901186518124123	0.16813940192291016	0.1672675658028201	0.1663950566810249	0.16552081358738674	0.16464404514893588	0.1637642525310516	0.16288123409959238	0.16199507406964714	0.1611061161564083	0.16021492564409445	0.15932223431414744	0.15842884178965605	0.15753558435740778	0.1566433447075155	0.15575302155630238	0.1548654906935366	0.15398156169840382	0.15310194844042152	0.1522272495326617	0.15135793179043788	0.15049431560545096	0.14963656239796724	0.14878466524177397	0.14793844359810182	0.14709754225808291	0.14626142981737494	0.1454293936089428	0.14460059248977625	0.14377418921231022	0.1429493475057394	0.14212519597883133	0.14130090892172337	0.14047586079162994	0.1396495915166155	0.13882160163113655	0.1379913750648462	0.13715843974314273	0.13632236896074013	0.135482784695248	0.13463938258681984	0.13379198439126982	0.13294053030902764	0.13208505121023417	0.1312256731687867	0.1303626079762495	0.12949619327395057	0.12862696720616318	0.12775571942659475	0.12688350493580752	0.12601162149738515	0.1251415537326535	0.1242749228455804	0.12341346297899736	0.12255895880658396	0.12171311034050164	0.12087744922048033	0.1200533359125317	0.11924197258586328	0.11844440442194909	0.11766149837614381	0.11689391153242329	0.11614207870596033	0.11540622604669704	0.11468640380870737	0.11398253639751355	0.11329447724899311	0.11262206058987767	0.1119651509753653	0.1113236846693193	0.1106977000555795	0.11008736062052193	0.10949297079838177	0.10891498179358611	0.10835398087155512	0.10781065698877645	0.10728574547636721	0.10677995867926537	0.10629389692089375	0.10582793452882877	0.10538210416896077	0.10495600428077967	0.10454872091737433	0.10415874706543876	0.10378391080958116	0.10342134368218187	0.10306750418711397	0.10271824732326779	0.10236892892650912	0.10201454204367816	0.10164988457115243	0.101269752887721	0.10086915106892136	0.10044350330577118	0.09998885786615325	0.09950207181165144	0.09898096577926002	0.09842443867156325	0.09783253436628819	0.09720645570069836	0.09654852315188356	0.09586207820709555	0.09515133727831965	0.09442120840588386	0.09367708548817477	0.09292463451837638	0.09216958441747916	0.09141753084622481	0.0906737577805683	0.08994308188865385	0.08922972661799969	0.08853723223411153	0.087868404659317	0.08722530238236623	0.08660925826851762	0.08602093135405317	0.08546038214526575	0.08492716376637566	0.08442042098059382	0.08393898980461903	0.08348149187981183	0.0830464195277088	0.0826322092186974
3.141592653589793	0.23438684884340066	0.23422565692745034	0.23396874189392847	0.23363177844676253	0.23323376381671146	0.23279471491251447	0.2323332786651111	0.23186458509467345	0.2313986259289873	0.23093935385559305	0.23048458491329127	0.2300266686381589	0.22955378650477964	0.22905166430339152	0.22850544752379864	0.2279014924558389	0.22722886454721114	0.2264803992988731	0.22565325650758616	0.2247489727044314	0.2237730781084486	0.22273438607038631	0.22164408208999653	0.22051473756275386	0.2193593551827484	0.2181905249015481	0.2170197382617105	0.21585688048240215	0.2147098976793822	0.2135846226685274	0.2124847365496041	0.2114118428703875	0.21036563409570008	0.20934413383357597	0.20834400087348293	0.20736088155756183	0.20638979529999268	0.2054255349621812	0.20446306051982144	0.2034978623643573	0.20252627071749973	0.20154569055931804	0.20055474705156096	0.19955333423853872	0.19854256825349226	0.19752465478990788	0.1965026874464879	0.1954803982016018	0.19446188317372792	0.19345132610179205	0.19245273853758915	0.1914697331785633	0.19050533791196123	0.1895618582819365	0.18864078850033095	0.18774276960764213	0.18686759254769325	0.18601424059386984	0.18518096852608057	0.18436541285858388	0.18356472866292606	0.18277574664197682	0.18199514377664006	0.18121961922541407	0.18044606598289725	0.1796717284803162	0.178894336580242	0.1781122076680841	0.1773243106950857	0.17653028887918554	0.17573044144326078	0.1749256657252487	0.1741173243041969	0.17330718212309582	0.17249728401594533	0.17168980380094157	0.17088690744500923	0.17009062862196944	0.16930275608637269	0.16852473349366037	0.1677575779764533	0.16700185326520223	0.1662576535292275	0.16552458594981512	0.16480178123963474	0.16408792999029131	0.16338133596237925	0.1626799865527293	0.1619816473458009	0.1612840062847074	0.16058476147246292	0.1598816954866772	0.15917274389710112	0.15845608585485693	0.1577302150058123	0.15699398349996718	0.15624663368578984	0.15548780584243893	0.15471752404341532	0.1539361627115864	0.15314439721815665	0.15234314140355165	0.1515334750301216	0.15071656644100273	0.1498935916189319	0.14906561013456954	0.1482334720178582	0.14739794299454556	0.1465596916040096	0.14571904239725797	0.14487577769756566	0.1440293172957685	0.14317908511896738	0.14232452914956517	0.14146505260294773	0.1406000370384617	0.139728930292928	0.13885132028322722	0.13796698315872113	0.1370760109053718	0.13617889669130867	0.13527653607013934	0.13437023830553763	0.1334616625495718	0.13255271283994996	0.1316454180245894	0.13074181482387126	0.1298438914036424	0.12895355619110782	0.12807257278043915	0.12720248138736712	0.1263446160590096	0.12550023593718052	0.12467056627088136	0.12385673207364511	0.12305974372716233	0.1222805369973079	0.12152000553854969	0.1207790163002842	0.12005843773239877	0.11935918242361532	0.11868224283383688	0.1180287260608146	0.11739990189011584	0.11679723790372565	0.11622238101067717	0.11567708726678327	0.11516312713301624	0.11468218433427924	0.11423575173473122	0.11382502335495581	0.11345078066211789	0.11311326863093485	0.1128120643637276	0.11254596273200723	0.11231292469694798	0.11211010384104547	0.11193389631431239	0.11177996705588622	0.11164326885991716	0.1115180814511254	0.11139808441324084	0.11127647188990664	0.11114610067716657	0.11099965233681086	0.1108298000013892	0.1106293837257486	0.11039159943896282	0.11011019892146057	0.1097796903188557	0.10939552529918195	0.10895425949020043	0.10845367514569093	0.10789285837035378	0.10727222743195897	0.10659351296201613	0.10585969478950996	0.10507490286276466	0.10424428848801093	0.10337386795541093	0.10247034049157655	0.10154088636591652	0.10059295289210024	0.09963403822247208	0.09867148628604228	0.09771230618288862	0.0967630263266307	0.09582958978433509	0.09491729198621979	0.09403075634464486	0.09317393992391676	0.0923501609218298	0.09156214103549543	0.09081205712256801	0.0901015970534117	0.08943201431863423	0.08880417567389143	0.0882185969913084	0.08767546480568678	0.08717464386773521
3.4033920413889427	0.27615752447010367	0.27540259448972404	0.2741734065665856	0.27251310735804457	0.27047860888429076	0.2681366308929618	0.2655592953494551	0.2628197068257262	0.2599879181401197	0.2571275984775152	0.25429360724907624	0.2515305507346287	0.2488722797617856	0.24634219165937798	0.2439541390025476	0.2417137247718406	0.23961977526137967	0.2376658199066829	0.2358414596896301	0.23413356099854776	0.23252725967367793	0.23100679374170652	0.2295562003878716	0.2281599142083025	0.22680329378298203	0.2254730876812272	0.22415783481529583	0.22284818214865076	0.22153709784145592	0.22021996058143056	0.21889451485241873	0.21756069471181605	0.21622033223026127	0.21487677824455687	0.21353447040958962	0.21219848571664124	0.21087411181537974	0.2095664647098301	0.20828017136925392	0.2070191263086757	0.20578632287818355	0.20458375392923756	0.20341237323719608	0.20227210794789718	0.20116191366598946	0.20007986536384326	0.19902327922595908	0.19798886151264172	0.19697288036256866	0.19597135502596585	0.19498025561548915	0.1939957019121754	0.19301415226885799	0.19203256836505112	0.19104854580645514	0.19006040152605808	0.18906721130883408	0.1880687999018088	0.1870656836486707	0.18605897500867907	0.1850502587161139	0.18404145050544685	0.18303465045853506	0.18203200114435758	0.18103555862971665	0.18004718209135917	0.1790684452709687	0.17810057093267762	0.17714438797567794	0.17620030994770353	0.17526833269013303	0.17434805084387217	0.17343874037577878	0.17253935055718977	0.17164854349578035	0.1707647909316113	0.16988645415865344	0.16901186518124123	0.16813940192291016	0.1672675658028201	0.1663950566810249	0.16552081358738674	0.16464404514893588	0.1637642525310516	0.16288123409959238	0.16199507406964714	0.1611061161564083	0.16021492564409445	0.15932223431414744	0.15842884178965605	0.15753558435740778	0.1566433447075155	0.15575302155630238	0.1548654906935366	0.15398156169840382	0.15310194844042152	0.1522272495326617	0.15135793179043788	0.15049431560545096	0.14963656239796724	0.14878466524177397	0.14793844359810182	0.14709754225808291	0.14626142981737494	0.1454293936089428	0.14460059248977625	0.14377418921231022	0.1429493475057394	0.14212519597883133	0.14130090892172337	0.14047586079162994	0.1396495915166155	0.13882160163113655	0.1379913750648462	0.13715843974314273	0.13632236896074013	0.135482784695248	0.13463938258681984	0.13379198439126982	0.13294053030902764	0.13208505121023417	0.1312256731687867	0.1303626079762495	0.12949619327395057	0.12862696720616318	0.12775571942659475	0.12688350493580752	0.12601162149738515	0.1251415537326535	0.1242749228455804	0.12341346297899736	0.12255895880658396	0.12171311034050164	0.12087744922048033	0.1200533359125317	0.11924197258586328	0.11844440442194909	0.11766149837614381	0.11689391153242329	0.11614207870596033	0.11540622604669704	0.11468640380870737	0.11398253639751355	0.11329447724899311	0.11262206058987767	0.1119651509753653	0.1113236846693193	0.1106977000555795	0.11008736062052193	0.10949297079838177	0.10891498179358611	0.10835398087155512	0.10781065698877645	0.10728574547636721	0.10677995867926537	0.10629389692089375	0.10582793452882877	0.10538210416896077	0.10495600428077967	0.10454872091737433	0.10415874706543876	0.10378391080958116	0.10342134368218187	0.10306750418711397	0.10271824732326779	0.10236892892650912	0.10201454204367816	0.10164988457115243	0.101269752887721	0.10086915106892136	0.10044350330577118	0.09998885786615325	0.09950207181165144	0.09898096577926002	0.09842443867156325	0.09783253436628819	0.09720645570069836	0.09654852315188356	0.09586207820709555	0.09515133727831965	0.09442120840588386	0.09367708548817477	0.09292463451837638	0.09216958441747916	0.09141753084622481	0.0906737577805683	0.08994308188865385	0.08922972661799969	0.08853723223411153	0.087868404659317	0.08722530238236623	0.08660925826851762	0.08602093135405317	0.08546038214526575	0.08492716376637566	0.08442042098059382	0.08393898980461903	0.08348149187981183	0.0830464195277088	0.0826322092186974
3.665191429188092	0.23328467238227488	0.23312282457009423	0.23286500869495558	0.23252726255049833	0.23212913127704066	0.23169136095194964	0.23123349150454217	0.23077167271005458	0.23031698312923354	0.22987444802335683	0.22944284393166842	0.22901526342162298	0.22858031190161127	0.22812373419575474	0.2276302308404473	0.22708522487693858	0.2264763747907071	0.22579468860216298	0.22503516554792052	0.2241969626255427	0.22328314279553113	0.22230010268473005	0.22125679730987596	0.22016387879193233	0.21903284956037886	0.21787530425640148	0.21670230490618703	0.21552390654526582	0.21434882920943246	0.21318425887598016	0.2120357543966853	0.21090723808550954	0.20980105196839718	0.208718067206119	0.2076578387542571	0.20661879963809343	0.2055984889484749	0.20459380530297105	0.20360127412160645	0.20261731392945684	0.2016384851569139	0.20066170531943373	0.19968441717241173	0.19870470130927637	0.19772133041432957	0.1967337686352523	0.19574212469538368	0.19474707092967997	0.19374974186417593	0.19275162530930814	0.1917544560515567	0.1907601204541031	0.18977057294222774	0.1887877663005283	0.18781359268142406	0.18684983151843318	0.1858981024634649	0.18495981967405187	0.1840361493178166	0.18312796985719046	0.1822358395739186	0.18135997304296725	0.18050023053325678	0.17965612179083232	0.178826824613699	0.17801121706639	0.17720792084206619	0.17641535244935302	0.17563177868879268	0.17485537327226064	0.17408427271236757	0.17331662865736835	0.1725506182156312	0.17178453781596945	0.17101685220626983	0.1702462285611155	0.1694715769708702	0.1686920846234806	0.1679072453281162	0.16711687366642036	0.16632110706004763	0.16552042223946528	0.16471562076816484	0.16390777996366213	0.16309819327689049	0.16228830127337787	0.16147961234871694	0.16067361915944053	0.15987172422793317	0.159075204724429	0.15828512733116695	0.15750228278457024	0.1567271178003212	0.15595969744526808	0.15519969738224604	0.15444641662216174	0.15369879774084533	0.15295546127704307	0.1522147532479408	0.15147480370459154	0.15073359432791586	0.14998903187503015	0.14923902347158632	0.14848155090338205	0.14771473731583998	0.14693687150887177	0.14614648010024053	0.14534255592298323	0.14452453927947453	0.143692138861371	0.14284518854579534	0.1419838130655533	0.1411087185671781	0.14022110371081892	0.13932247855018806	0.13841457869924595	0.13749932453273167	0.13657875310925488	0.13565493086956404	0.13472995726865272	0.13380593906069554	0.1328849047930195	0.13196876232839685	0.13105922436292827	0.13015770986018077	0.12926525889469487	0.1283824941104066	0.12750965244703324	0.1266466397394866	0.12579305491740453	0.12494820908595866	0.12411123646399326	0.1232813024955396	0.1224577152113031	0.12163991734058668	0.12082751052465693	0.12002031886087267	0.1192184286887048	0.11842219518318688	0.11763224512466576	0.11684948086361789	0.11607507214057253	0.11531044717925934	0.11455729725055629	0.11381757074906619	0.1130934272050333	0.11238716252388231	0.11170113190485044	0.11103768131834703	0.11039908361125152	0.10978747258701804	0.1092047686475495	0.10865258932506425	0.10813214600141334	0.10764414614681803	0.10718873504436643	0.10676548503327107	0.10637338893627739	0.10601082591197962	0.10567551957025881	0.10536451640132466	0.10507419923825304	0.10480034342803622	0.104538210788699	0.10428266799464422	0.10402832284821995	0.10376967918102845	0.10350130968427333	0.10321804014758085	0.10291513331553509	0.10258845842053069	0.1022346333988998	0.10185112944553201	0.10143633132416682	0.10098955166466311	0.10051100282669505	0.10000173485493027	0.09946355059680952	0.09889890650070386	0.09831080191376038	0.0977026573343564	0.09707818255762016	0.09644123581938555	0.09579567980106451	0.09514524787861553	0.09449343424343913	0.09384341526205768	0.09319800396489844	0.09255963609176504	0.09193038294490749	0.09131198385465776	0.09070589046055093	0.09011331592590995	0.08953528347148944	0.08897266939332096	0.08842623592944329	0.0878966496885625	0.08738448289377197	0.08689019763999611	0.08641411668368143
3.9269908169872414	0.2801226104490988	0.27936994904157775	0.2781433052446455	0.2764836267597335	0.2744448099774214	0.2720900229756371	0.2694876181890068	0.2667070382535484	0.26381508663176034	0.2608728581894101	0.25793351846332807	0.255041002010152	0.25222958823702835	0.2495242228386097	0.24694139450894642	0.24449035368992927	0.2421744702533078	0.23999256271600333	0.23794008242865136	0.23601009105083812	0.2341940188273724	0.2324822278938075	0.2308644258552269	0.22932998050594128	0.22786817987488664	0.22646846752232414	0.2251206663102888	0.22381518916866952	0.22254322569346907	0.22129688999841188	0.22006931767942262	0.21885470636265342	0.2176483027338153	0.2164463467811458	0.21524598929666433	0.2140452003683117	0.21284268451074162	0.21163781293703435	0.2104305766062669	0.20922155665904785	0.20801190318859442	0.20680331005849584	0.20559797326645418	0.20439852261552452	0.20320792148257907	0.2020293349126226	0.20086597206071002	0.1997209135383429	0.19859693696109088	0.1974963544836732	0.19642087534794883	0.1953715013747695	0.1943484632612678	0.19335119761165206	0.19237836401665576	0.19142789772880345	0.1904970911191476	0.18958270141756742	0.1886810751314421	0.18778828697816055	0.18690028814550744	0.18601305872052482	0.18512276150985818	0.18422589156819863	0.18331941586631975	0.1824008967775283	0.18146859277134975	0.1805215300568147	0.17955954001647245	0.1785832590752082	0.1775940893454988	0.17659412313854783	0.17558608581601864	0.17457314585760256	0.17355874398689053	0.17254645199963556	0.17153982038068255	0.17054222354076254	0.16955671863697647	0.1685859320230786	0.16763197243380465	0.16669635449026451	0.16577995979794755	0.16488302396726348	0.16400514714864317	0.16314533017532457	0.1623020303662899	0.1614732340093152	0.1606565335513309	0.15984917678922095	0.15904819604643142	0.1582505518155048	0.15745328307660042	0.15665362724063236	0.15584908654572716	0.15503751199336888	0.15421718075914212	0.15338684718034618	0.15254576898915076	0.1516937100970619	0.1508309209955738	0.1499580994700053	0.14907633462789383	0.14818703338876538	0.1472918298900875	0.14639253168000727	0.14549109066055477	0.1445894840627478	0.14368971029747837	0.1427937315065903	0.14190343904823036	0.14102055038318892	0.1401463685360709	0.13928176678680812	0.13842717724195827	0.1375825344609382	0.13674728583044152	0.1359204466302197	0.13510068117169946	0.1342863315692584	0.133475456810283	0.1326659097502982	0.13185539460084927	0.13104161142287546	0.13022244461126897	0.1293961066068814	0.12856124157987484	0.12771699009310988	0.1268630136497644	0.12599950638362922	0.12512720682116643	0.12424734711669531	0.1233615066199248	0.12247149365235299	0.12157928816810362	0.12068699476349756	0.11979678242092355	0.11891079793551614	0.11803106371322766	0.1171593969761003	0.11629736663175252	0.11544628391543779	0.11460722645722829	0.11378108892425809	0.11296865551748551	0.11217068085768477	0.11138795577871705	0.11062135580512773	0.1098718825447999	0.10914069865002632	0.10842914967832218	0.10773876100762955	0.10707119843488211	0.10642819461711561	0.10581145289632383	0.10522253469613656	0.10466273760729478	0.10413298295495858	0.10363372041513486	0.10316483636857005	0.10272555992450283	0.10231438636474914	0.10192904713533461	0.10156653434456357	0.10122316524418024	0.10089467443087993	0.10057633316648257	0.10026309767446256	0.09994978283142958	0.09963125190734726	0.09930261083738066	0.0989593961653957	0.09859774678324268	0.09821454994814742	0.09780755275351272	0.09737543236822363	0.09691782141075547	0.09643528715535685	0.09592926527948023	0.09540195287723213	0.09485617089083478	0.09429520962069174	0.09372267082284608	0.09314231617488875	0.0925579269280713	0.09197317694215652	0.0913915214335114	0.09081610413238585	0.0902496845548436	0.0896945853344875	0.08915265840214315	0.08862526878406114	0.08811329525230126	0.0876171471824112	0.08713679655997869	0.0866718234178365	0.08622147242512243	0.08578471804082637	0.08536033554367255	0.0849469752362062
4.1887902047863905	0.229286071636967	0.2291218192610871	0.2288605350409138	0.2285192746144709	0.22811912716054045	0.2276829114173774	0.22723273752977421	0.2267877421441024	0.22636226692050637	0.2259646763863126	0.22559691342126398	0.22525478625234763	0.2249288861670213	0.22460596380565057	0.22427055239937352	0.22390662117083393	0.2234990679633368	0.22303490905436626	0.2225040854068484	0.22189986716920462	0.2212188923670998	0.2204609146436056	0.2196283554045088	0.21872575816579215	0.21775923051640483	0.216735936954582	0.21566367960395955	0.2145505786715212	0.21340484440340113	0.21223461945280556	0.2110478654704988	0.20985226935438883	0.2086551509431651	0.20746336257139741	0.20628317949073027	0.20512018690165593	0.20397917320128986	0.2028640398285491	0.20177773627119658	0.20072222536722464	0.19969848011493666	0.19870650984272178	0.19774541143953286	0.19681344088185224	0.19590810086571256	0.19502624209110847	0.19416417743441788	0.1933178094852087	0.19248277218842155	0.19165458645514027	0.19082882722581726	0.19000129839924423	0.18916820627349165	0.188326323761597	0.18747313404971488	0.18660694314901233	0.18572695377459325	0.18483329287898415	0.18392699290476172	0.1830099261491663	0.18208469944345368	0.18115451526264412	0.18022300991255463	0.17929407886313342	0.17837169897419414	0.1774597563267103	0.17656188667174055	0.17568133371507064	0.17482082880664607	0.17398249429383938	0.17316777232934757	0.17237737853806828	0.1716112444940827	0.17086856655880436	0.17014784122406673	0.16944691815314739	0.16876307441865335	0.1680931164241447	0.16743349400651797	0.16678042127691511	0.16613000674080575	0.1654784038171088	0.1648219365188056	0.16415720738256676	0.1634811921624294	0.1627913176804555	0.16208551693002354	0.16136226504880963	0.16062060538050463	0.15986019210264038	0.15908125509187593	0.15828458603335613	0.15747141960774647	0.15664338561040028	0.15580248697340343	0.15495101181573182	0.1540914624187393	0.15322648395559615	0.15235878620950688	0.1514910650263935	0.15062592445066264	0.14976579998938153	0.14891288310579506	0.14806904842749785	0.14723578315718153	0.1464141032093147	0.14560457940610755	0.14480748723150585	0.14402262913006428	0.14324918835421308	0.1424856562744058	0.14173000574566336	0.1409799944131683	0.14023320975549003	0.13948708959219397	0.13873895249639767	0.1379860829607615	0.13722583731688184	0.13645572469935718	0.13567356404536587	0.13487759386709267	0.13406653274258445	0.13323964415943373	0.13239671667040673	0.13153801517175617	0.13066420730938294	0.1297762995243953	0.12887562320684684	0.12796382064659928	0.1270427778421011	0.12611453006672615	0.12518123374717735	0.12424521802001913	0.12330895723155719	0.12237496024550848	0.12144567019935532	0.12052338156240036	0.1196101639553828	0.11870779306421456	0.11781770933748292	0.11694100695807738	0.11607843884897853	0.11523044461349406	0.1143972055313357	0.11357869818133148	0.11277473023335585	0.11198497333738996	0.11120899978412027	0.11044632339962807	0.10969644667054439	0.108958910480617	0.10823333624822855	0.1075194483772601	0.10681707318915791	0.10612612864076847	0.1054466321439541	0.10477872892978937	0.10412270429586322	0.10347896113004777	0.1028479743135317	0.10223022520023634	0.10162612421333488	0.10103594523523714	0.10045978377290245	0.0998975320756955	0.09934886457941618	0.09881323582488764	0.0982898964978808	0.09777792983171789	0.097276304455437	0.09678393571724528	0.09629974699253853	0.09582272396478497	0.09535195715573769	0.09488667086524938	0.09442623985534193	0.09397019779260513	0.09351824225939272	0.09307023883370244	0.0926262229564791	0.09218639627788602	0.09175111326956545	0.09132085387253401	0.09089618212373059	0.0904776965178076	0.09006598014079623	0.08966155820710522	0.0892648688707284	0.0888762494147761	0.0884959356670955	0.08812407030553907	0.0877607159308076	0.08740586988325948	0.08705947849116392	0.08672144847157481	0.08639165289597696	0.086069929146078	0.08575606730263283	0.08544978952562357	0.08515072347159015
4.4505895925855405	0.29079762574711915	0.29005125524681863	0.28883289344192115	0.28717955228485864	0.2851396599222186	0.2827698139189255	0.2801311876194083	0.2772859485640804	0.27429401941572473	0.271210443607885	0.2680835225708039	0.2649537847822647	0.26185374519986937	0.25880833062241326	0.25583579152661035	0.2529488977787883	0.2501562227457919	0.24746335171092282	0.24487389733991072	0.2423902575512032	0.2400141007066492	0.23774660292007174	0.2355884887352981	0.23353993865628853	0.23160042670854586	0.22976854173233793	0.22804183154010027	0.2264166933464389	0.224888320113288	0.22345070255845334	0.2220966811825872	0.22081804129265928	0.21960564538346936	0.21844959978071612	0.21733945461646823	0.21626443686892327	0.21521371482385612	0.21417668902219403	0.21314330023734965	0.21210434029035713	0.2110517477154641	0.20997886838254662	0.20888066185486276	0.20775383720726076	0.2065969078290567	0.20541016130450077	0.20419554785914729	0.20295649750812034	0.20169768118780318	0.200424734137338	0.19914396118503402	0.1978620405499845	0.19658574283188443	0.1953216750983539	0.19407605766494085	0.19285453728817073	0.19166203545446964	0.19050263418140737	0.18937949323377432	0.18829479866731288	0.18724973903489472	0.1862445091985284	0.18527833901885568	0.18434954642673987	0.18345561282359943	0.18259327852903548	0.18175865512081119	0.18094735074487298	0.1801546039173546	0.17937542111079358	0.17860471294168198	0.17783742635863878	0.1770687194399397	0.17629402340790182	0.17550912312020134	0.17471027089378977	0.17389426477019126	0.17305851838498984	0.17220110701615568	0.1713208079551106	0.1704171262736271	0.1694902960441747	0.16854127645389044	0.16757171985863636	0.16658392695297078	0.1655807846352081	0.16456568130087687	0.16354240591758784	0.16251502381685928	0.1614877027109012	0.16046460631048215	0.15944980179835214	0.15844720095453618	0.15746043130600118	0.15649270560648382	0.15554675305098828	0.15462474665801576	0.15372826033283293	0.15285823609485286	0.15201496777398246	0.15119810067457512	0.15040664696761402	0.14963901604070504	0.1488930545072178	0.14816609038310413	0.14745502585857748	0.14675645867419498	0.1460667195662836	0.1453820102146435	0.14469850277096902	0.1440125551499401	0.1433207953703897	0.14261999737446102	0.14190709846273258	0.1411792694169901	0.14043402264272414	0.13966926386502232	0.13888335813917096	0.13807522157456453	0.13724433428249025	0.1363907034123795	0.13551481612600055	0.13461763501839122	0.1337006510356584	0.13276589674296924	0.1318159455538709	0.1308538762281107	0.12988318579586164	0.12890765364022355	0.12793119984759205	0.1269577806345073	0.12599126776299613	0.12503526119293107	0.12409292309222586	0.123166871401318	0.12225914194286311	0.12137118593768359	0.12050384626921783	0.1196573213275009	0.11883115860155628	0.11802429249261961	0.11723511901977374	0.11646160517992928	0.11570142492528059	0.11495211602609336	0.11421124472893004	0.11347656086902255	0.11274613683446558	0.11201848204679314	0.11129262727042144	0.11056817646018152	0.10984531818978967	0.1091247879567143	0.10840778570145673	0.10769586179966097	0.1069907779350566	0.1062943497387567	0.10560829416401182	0.10493410314631274	0.10427294420920805	0.10362557120417493	0.1029922452220361	0.1023726946888706	0.101766130006662	0.10117129831261888	0.10058656025045874	0.1000099812914021	0.09943943646366929	0.09887272686039092	0.09830770240203539	0.09774238275015373	0.09717506854246788	0.09660443628001619	0.0960296108650646	0.095450210684659	0.09486636245789111	0.0942786863692337	0.09368825421775273	0.09309652405743349	0.0925052569293863	0.09191642511190241	0.09133212176204104	0.09075447776111598	0.09018558870064397	0.08962745422757416	0.08908193027678742	0.08855069391083123	0.08803522144490668	0.08753677974623889	0.08705642779933626	0.08659502395218144	0.08615323485459753	0.08573154365466737	0.08533025618681163	0.08494950433457121	0.08458924583571789	0.08424926006758314	0.08392914010090202	0.08362828228070623	0.08334587530601338
4.71238898038469	0.21920590337463364	0.2190355007758653	0.21876476281421509	0.21841223643515062	0.2180012849252242	0.21755781433407662	0.21710783074652018	0.21667511295798336	0.21627925460651065	0.21593426614116917	0.21564784183836094	0.215421304750832	0.2152501573410781	0.21512509953184078	0.21503333669227576	0.21495999026362012	0.21488944094720452	0.21480647230631877	0.21469713256444578	0.21454928500546644	0.21435286441116053	0.21409989234817006	0.2137843246317236	0.21340180962439959	0.2129494282829073	0.21242546980601285	0.21182927487401626	0.21116115621156462	0.21042238717785677	0.2096152357143648	0.208743014323725	0.20781011660398607	0.2068220160028924	0.20578521104054204	0.20470711121046825	0.20359586720193734	0.20246015653061977	0.2013089402793805	0.20015120823727983	0.19899572866944393	0.19785081600846666	0.19672412588214816	0.19562248293613382	0.19455174377089413	0.19351669488241763	0.1925209844867377	0.191567086732769	0.1906562969887603	0.1897887571210406	0.18896350968395925	0.18817857907135072	0.18743107794536673	0.18671733364845666	0.18603303073411714	0.185373363088582	0.1847331886398358	0.18410718153266536	0.18348997403717338	0.18287628611526274	0.18226103928366322	0.18163945434966644	0.18100713315579542	0.180360126810316	0.17969499254208499	0.17900884123236682	0.17829937723866696	0.17756493117050232	0.1768044852651014	0.1760176901126428	0.1752048708765921	0.1743670213925972	0.1735057827718809	0.17262336717857474	0.17172254887917526	0.17080660362658695	0.16987921456449218	0.16894437902969894	0.1680063049708771	0.1670692997247064	0.1661376540538143	0.16521553271900125	0.16430688757518142	0.16341535928559037	0.1625441815869092	0.16169610301485693	0.16087332211513095	0.16007743506503203	0.1593093996131787	0.15856952349687703	0.15785750133283016	0.15717240434500923	0.1565126926784427	0.15587623657961802	0.1552603578593158	0.15466190545015984	0.15407733180597571	0.15350277677180746	0.15293415951510447	0.1523672724622751	0.15179787682483897	0.1512217967656505	0.15063500844969263	0.15003371991168768	0.14941443975330548	0.1487740310869765	0.1481097217373718	0.14741916844169467	0.1467006907937798	0.14595325567056627	0.1451762616911847	0.14436936320483607	0.1435325826590026	0.1426666192560539	0.14177285805720158	0.14085322596319455	0.1399101055246803	0.13894630273769282	0.13796499932413797	0.13696966230405283	0.13596402904635907	0.13495210966571491	0.1339381100351691	0.1329263189936507	0.1319209641265866	0.13092607211340013	0.12994532930758385	0.1289819546708798	0.12803863827831963	0.1271175192853936	0.126220143641549	0.12534740371674385	0.12449954751494663	0.12367629490259746	0.12287690787782785	0.12210017412494156	0.1213444209632788	0.12060757173327957	0.11988720213401688	0.11918059644933926	0.11848482691991225	0.11779685132856188	0.11711360897062228	0.11643212061345626	0.11574960098262366	0.11506355127049489	0.11437179688129018	0.11367248405504404	0.11296406774535522	0.11224530973789104	0.11151528768638636	0.11077341075324565	0.11001943703605316	0.10925348344263125	0.10847601986692124	0.10768785335746339	0.10689012595014491	0.1060843334485208	0.10527232920335283	0.10445628354344683	0.10363860812122644	0.10282186100330049	0.10200864130452653	0.10120148788163053	0.10040279475421937	0.09961474282070831	0.0988392459772941	0.09807791500723417	0.09733204291756542	0.0966026120818686	0.09589031935550063	0.09519561218117734	0.09451872805261591	0.09385973099386868	0.09321854076912262	0.09259495281726893	0.09198864925129002	0.09139920358289327	0.09082608334770947	0.0902686539428027	0.08972618435608315	0.08919785422193272	0.08868276122472157	0.08817992615623282	0.08768829349928065	0.08720672999284884	0.08673402735716035	0.08626891547468979	0.08581009008839702	0.08535625522565232	0.08490617619980378	0.08445873663912457	0.08401299336751472	0.08356822464977065	0.08312396881453099	0.08268005107001353	0.08223659653982213	0.08179402764705146	0.08135304466334048	0.0809145898830535	0.08047979807359229
4.974188368183839	0.3188455328648832	0.3181161812914505	0.31692342910515575	0.3152993740635636	0.31328551555646283	0.31092992271477904	0.3082841245632784	0.30540003982044195	0.3023272382044474	0.2991107641775705	0.29578966902238224	0.2923963018610706	0.2889563188675933	0.28548929460112715	0.28200976843707243	0.27852853613418344	0.2750540006465904	0.27159342253812846	0.26815395149430377	0.2647433682689974	0.2613705133132752	0.2580454183145401	0.25477918616637396	0.25158368207903314	0.24847110425815222	0.24545349893460947	0.2425422744392678	0.2397477555682693	0.2370788054205368	0.2345425292761223	0.2321440651661619	0.22988645900059443	0.22777061824042436	0.22579533644900393	0.22395738074684166	0.2222516343655212	0.22067128649074783	0.219208061052332	0.21785247505810354	0.21659411573475945	0.21542192459480747	0.2143244760551575	0.21329023884256948	0.212307809929764	0.21136611391432558	0.21045456408741434	0.20956318543396257	0.20868270332579836	0.207804604441155	0.2069211778855143	0.20602554516036725	0.20511168531610344	0.20417446098613537	0.20320964731704744	0.202213963613187	0.20118510403885878	0.20012176159588752	0.19902364299055328	0.19789146575305253	0.19672693154750068	0.1955326784772392	0.19431220446379774	0.19306976745605434	0.19181026379331859	0.1905390895549249	0.18926199054130158	0.18798490699122522	0.1867138190930421	0.18545459886672	0.1842128732023035	0.18299390141005742	0.18180247219605714	0.1806428689424844	0.17951875181434543	0.1784330803135662	0.17738811740793548	0.17638542831651982	0.17542588115128213	0.1745096636421037	0.17363631434055557	0.1728047638719567	0.17201337276887957	0.1712599808824401	0.17054196785530648	0.16985630470869664	0.1691996066142037	0.1685681886505411	0.16795811905101804	0.16736525970634625	0.16678526005514607	0.16621362582215726	0.1656458870814914	0.16507755738253	0.16450423502959277	0.1639216808422964	0.16332582900295087	0.16271286252564507	0.16207926631157826	0.1614218782640595	0.1607379355302078	0.16002511436417155	0.1592815633266484	0.1585059292567265	0.157697370235852	0.15685554759863773	0.15598065847254575	0.15507357959475312	0.15413579422983198	0.15316913766718346	0.15217595698570335	0.15115924859505048	0.150122550551306	0.14906954384707233	0.14800394021870433	0.1469295980143165	0.14585039689639767	0.14477016590477948	0.14369265472092652	0.14262154099810065	0.14156038815227692	0.14051247469359399	0.1394807547360641	0.13846787254710805	0.13747613906501197	0.13650756900670058	0.13556389462558235	0.1346465763297461	0.13375679084337397	0.13289536725719597	0.13206273426889303	0.13125893090338486	0.13048360906688178	0.1297359325565634	0.12901449734646853	0.1283174143374591	0.12764242888273	0.1269869881821168	0.1263482836182067	0.1257232816680151	0.12510877463447348	0.1245014615074895	0.1238980506043103	0.123295376516918	0.12269050341391106	0.12208080867565545	0.1214640769379973	0.12083859515144621	0.12020322253994578	0.11955743603551318	0.1189013412773487	0.11823563821489519	0.11756153920503741	0.11688064219474222	0.11619477863338964	0.11550586574793374	0.11481577595481632	0.11412621740350079	0.11343863337792429	0.11275414174458331	0.112073513298409	0.11139717267317184	0.11072521083578546	0.11005741304882018	0.10939331385829183	0.10873227276912446	0.10807355353696747	0.1074163973911661	0.10676008825752267	0.10610401043794856	0.10544769835915464	0.10479087638425455	0.10413348627900526	0.1034757003162059	0.10281791818398846	0.10216074645240728	0.10150496141601416	0.10085145853176891	0.10020119146523879	0.09955510188434943	0.09891404377408047	0.09827871290950947	0.09764959346396689	0.09702692777661123	0.09641070920881134	0.09580069431144354	0.09519642978230823	0.09459729167591602	0.0940025358965489	0.09341135797826952	0.09282295728662796	0.09223659892856215	0.09165166751649936	0.09106770932151362	0.09048446138539597	0.08990186715943282	0.08932007867796626	0.0887394459746942	0.08816049563512318	0.08758390141517058	0.08701045019752694
5.235987755982989	0.1898576566786007	0.1896691466360212	0.18936926190621212	0.18897839964128138	0.1885227129186136	0.18803188616686262	0.18753671768387872	0.18706677228874097	0.18664834111765255	0.18630288974213458	0.18604610047829945	0.18588753260156532	0.18583084780012835	0.1858744880630469	0.18601265608334225	0.18623643653130395	0.1865349083281484	0.18689612806391823	0.18730790567874966	0.1877583376725716	0.1882361034678644	0.18873056197226626	0.18923170501701747	0.1897300316374096	0.19021640350929742	0.1906819299991903	0.1911179146194562	0.1915158766205685	0.1918676449343527	0.1921655088369664	0.19240240171242523	0.1925720914222218	0.19266935248991252	0.1926901004887428	0.19263147626375976	0.19249187546565324	0.19227092603511195	0.19196942180885276	0.19158922379335622	0.1911331417945731	0.19060480826603396	0.1900085539872868	0.1893492920975486	0.18863241398378658	0.1878636974434549	0.18704922560326226	0.18619531368000575	0.18530844018834441	0.18439517937800656	0.18346213237800835	0.1825158550877232	0.18156278279165533	0.18060915115554352	0.17966091486848526	0.17872366622413316	0.17780255531763473	0.17690221609077572	0.17602669851938613	0.17517941178617158	0.17436308220403954	0.17357972478053363	0.17283063199623885	0.17211638035622284	0.1714368539505659	0.17079128392130222	0.17017830168891462	0.16959600311252826	0.16904202030283547	0.1685135976424908	0.1680076687010154	0.16752093155643225	0.16704991898867094	0.16659102466570816	0.16614060181766613	0.16569502614345588	0.1652507219945949	0.1648041993959406	0.16435208315453448	0.1638911417392816	0.16341830657593598	0.16293068856581888	0.16242561274015913	0.16190064634185514	0.16135360470515256	0.1607825593088691	0.16018585346526334	0.15956211770562273	0.15891028325315804	0.15822960396264016	0.15751971468553458	0.1567806176249419	0.15601257113707476	0.15521622006547248	0.15439257861838587	0.15354292788186147	0.1526688362826963	0.15177214551067378	0.15085493595017627	0.14991949655766673	0.14896829181911234	0.1480039275361118	0.14702911555298329	0.1460466370410801	0.14505930738425415	0.14406994611832638	0.1430813019332946	0.14209589983908683	0.14111615091338	0.14014463951846742	0.13918382268366558	0.138235652835142	0.13730164743083068	0.13638334211329814	0.13548238504284904	0.13460018684922948	0.13373782901450892	0.1328961403959981	0.1320756880596131	0.13127670976953454	0.13049913350128664	0.1297427289720868	0.12900709585907422	0.1282915621283343	0.1275951943527199	0.1269167976032884	0.1262548761961641	0.12560759202407512	0.12497278635630564	0.12434806616870238	0.12373086555021279	0.1231184392998162	0.12250790138288102	0.12189642417434877	0.12128141518344712	0.12066046861760041	0.12003128939307878	0.11939172757328712	0.11873982443297686	0.11807383485005596	0.11739225181453397	0.11669382695555178	0.1159775688571697	0.11524273506450879	0.11448886322903204	0.11371583218185513	0.11292386533758328	0.11211345527943478	0.11128528691565218	0.11044020347778127	0.10957920425408045	0.10870346108707658	0.10781434732720176	0.10691346902402427	0.10600268315718774	0.10508409318026125	0.10416003670510905	0.10323309022004742	0.10230607316656119	0.1013820035692752	0.10046400463826714	0.09955519664987364	0.09865858830417122	0.09777697684464427	0.09691286662379876	0.09606840398467027	0.09524532877631649	0.09444494874419333	0.09366813931616118	0.09291536640166641	0.09218672726452529	0.09148200295618664	0.09080071568473115	0.09014218579866809	0.0895055847795043	0.08888998197009268	0.08829438358061314	0.08771776385085442	0.08715909112638011	0.08661735360448025	0.08609158655584945	0.0855808975033831	0.08508448389616247	0.08460163728929944	0.0841317286639454	0.08367417667756924	0.08322840863515099	0.0827938241568475	0.08236976768165877	0.08195551297470617	0.08155026016012575	0.08115314373715157	0.08076324948423809	0.08037963847466191	0.08000137667015976	0.07962756841465618	0.0792573915223591	0.07889013061761291	0.07852520464110299	0.07816218497550362	0.07780080246937161
5.497787143782138	0.41939924147458874	0.41873195574498684	0.41763932913594615	0.4161477938643634	0.41429085439665353	0.41210660147817946	0.40963501157655646	0.40691531628113486	0.4039837015128474	0.40087154024400057	0.3976042849088508	0.39420105934299454	0.3906749076325249	0.3870335894731364	0.3832807658746664	0.379417398440562	0.3754431890314808	0.37135791007972846	0.3671625127413999	0.3628599433063602	0.35845564118699025	0.3539577291369769	0.34937693475641163	0.3447263004068032	0.34002074665363075	0.3352765537553203	0.33051081870020904	0.32574093424559053	0.3209841235663495	0.3162570513085676	0.31157552038670694	0.3069542545552957	0.30240675995026395	0.2979452543823611	0.2935806508736969	0.2893225813227591	0.2851794467993683	0.2811584823928736	0.2772658264472805	0.27350658619396445	0.2698848941104249	0.26640395170366776	0.2630660597937614	0.25987263649160003	0.2568242261636411	0.2539205040872794	0.2511602824183894	0.24854152334341645	0.24606136468321252	0.24371616192671053	0.24150154899202464	0.2394125180070058	0.2374435146625699	0.23558854771721693	0.23384130455777827	0.23219526844205055	0.23064382932913693	0.22918038522446985	0.22779842752939883	0.22649160766312373	0.22525378244684072	0.2240790420834146	0.2229617193961842	0.2218963844527723	0.22087782825977537	0.21990103962961574	0.2189611793751008	0.21805355568710738	0.2171736040249786	0.21631687420690104	0.21547902655228088	0.21465584240008936	0.21384329845587796	0.21303753904445338	0.2122348428731031	0.211431717174284	0.2106249395164853	0.20981159921347067	0.2089891331460031	0.20815535125062007	0.20730846616588372	0.2064471276750678	0.2055704176669929	0.2046778219364516	0.2037692181250855	0.20284485757366197	0.2019053338747145	0.20095154134862103	0.19998461660907346	0.1990058153210714	0.19801643866084084	0.19701802360596954	0.19601223613011226	0.19500075313628298	0.1939852980001198	0.1929676565281822	0.1919496350753203	0.19093303683988264	0.18991964783106152	0.1889112178137066	0.18790943786539965	0.18691591590670825	0.18593215104399471	0.1849595002369727	0.18399911984345396	0.18305195188228499	0.1821190317187096	0.18120171198132387	0.18030106103834653	0.1794176403142405	0.17855198381036214	0.17770485720354867	0.17687685867311564	0.17606792900514084	0.17527749113319369	0.17450481508723098	0.17374907336277262	0.17300926869610977	0.17228431408220773	0.17157315561086864	0.17087461256978312	0.17018723995781926	0.16950947730153962	0.16883970856393263	0.16817625000207406	0.16751744447580677	0.16686178349011865	0.16620796476937663	0.16555482257420262	0.16490122141556324	0.16424607078229075	0.1635884130349519	0.16292736519449233	0.16226189368863472	0.16159071195043156	0.16091242268063966	0.1602256830411296	0.15952923635024654	0.15882187544235293	0.1581024329076029	0.1573698141718456	0.15662307145270693	0.1558615222348323	0.15508484570738254	0.1542930636526622	0.1534864586957979	0.15266558031214505	0.15183135087326835	0.15098515535568005	0.15012884229992945	0.14926464774076778	0.1483950768931407	0.1475227662937911	0.14665034754901826	0.14578034251572994	0.14491510341921487	0.14405675165910845	0.14320705992142024	0.1423673444981838	0.1415384858769985	0.14072104564247515	0.13991535829004892	0.13912156898969558	0.1383396689054311	0.13756956174367638	0.136811155324847	0.13606445350215998	0.1353296289240653	0.13460707281343448	0.13389742548889422	0.13320158927634845	0.13252072260222503	0.13185621356463748	0.13120963199497626	0.13058266129343646	0.12997701614393575	0.1293943565100479	0.12883620484897418	0.12830386265620874	0.12779832037862948	0.12732016894381848	0.1268695297641791	0.126446012402501	0.1260487060539845	0.12567621252521957	0.12532671585992078	0.12499806999782215	0.12468789038116587	0.12439364646021571	0.12411275326022843	0.12384265557794992	0.12358089725657768	0.12332517116958104	0.12307334929398299	0.12282349418570168	0.1225738535978701	0.12232284084803474	0.12206900596227643	0.12181100500611897	0.1215475748190851
5.759586531581287	0.04730208742129452	0.04702518616742138	0.04658018771984801	0.045990964181276794	0.04528857597253694	0.04450898966315675	0.04369057368937382	0.0428716282679287	0.042088182437726496	0.04137223956096431	0.04075058242412055	0.040244172046308424	0.03986810212299652	0.03963201338327363	0.039540835277627584	0.0395957085598693	0.03979494984272486	0.04013494343978455	0.04061088034191357	0.04121730218933353	0.04194844354036931	0.042798394149458796	0.04376112187210024	0.044830405674627705	0.04599972809144923	0.04726216945010989	0.04861033487512767	0.050036332076161094	0.05153180543817834	0.05308802157894424	0.05469599426700031	0.056346632705448374	0.05803089645453288	0.05973994207842989	0.06146525013197904	0.06319872546758726	0.06493276823554975	0.06666031674669787	0.06837486615829341	0.07007046858681579	0.07174172077602997	0.07338374506185669	0.07499216827323787	0.07656310203774985	0.07809312614398908	0.07957927545105989	0.081019029576364	0.08241030368614743	0.08375143819342834	0.08504118504667516	0.08627868792670337	0.08746345545191023	0.08859532595481426	0.08967442325859037	0.09070110619674865	0.09167591267021366	0.09259950404582834	0.09347260964332019	0.09429597933123957	0.09507034651402516	0.09579640603778705	0.09647480603994818	0.09710615595976516	0.09769104906914469	0.0982300962718354	0.09872396707224179	0.09917343277854787	0.09957940681928867	0.09994297745640249	0.10026542910827302	0.10054825037797374	0.10079312734620938	0.1010018815511041	0.10117647212604083	0.10131898612352125	0.10143155166687023	0.10151628665630233	0.1015752600131131	0.10161044832264124	0.10162370254851627	0.1016167139802964	0.10159098271766948	0.10154781573583985	0.10148834539406865	0.10141353805311845	0.10132420409531248	0.1012210105795402	0.10110450073261475	0.10097512688020747	0.10083332423685547	0.10067952832608378	0.10051403197379853	0.10033706958545648	0.1001489046454578	0.09994982415617214	0.09974010127259068	0.09951999649157149	0.09928976841524927	0.0990496745532022	0.09879997046767251	0.09854091065176358	0.09827275137718287	0.09799575687668334	0.09771021750999646	0.09741649349267141	0.09711500620996473	0.0968059521535919	0.09648909539668697	0.09616423171449169	0.09583144275253917	0.0954907217132204	0.09514168152455325	0.09478382717058569	0.09441696721353592	0.09404122434004154	0.09365677892786044	0.0932637254025293	0.0928620634596332	0.09245164921054815	0.09203213147559317	0.0916030880726127	0.09116416716381454	0.09071501265355184	0.09025522355458045	0.08978441941965194	0.08930222647747872	0.08880816887083852	0.08830160445667534	0.08778178670863646	0.08724797593156311	0.08669944339030647	0.08613538258873128	0.0855549162678108	0.08495726423352597	0.08434190361071131	0.08370856106517996	0.08305709710841763	0.08238742301368537	0.08169949809833994	0.08099336832893451	0.08026919605815848	0.07952724584183807	0.07876781575572403	0.07799117017336847	0.07719756876032298	0.07638738737010646	0.07556120312377976	0.07471976082736075	0.07386387984723018	0.0729944039528156	0.07211223055720822	0.07121839168058067	0.0703141374658468	0.06940097885174935	0.06848066402534472	0.06755509829995726	0.06662627365570054	0.06569628584873492	0.06476741047353242	0.06384210694357995	0.06292288584920605	0.062012117660061816	0.061111892604469906	0.060223960689487946	0.0593497123895472	0.05849016076525285	0.05764591921136214	0.056817190275419385	0.0560037786394659	0.055205129713687545	0.054420388127144614	0.05364846963344244	0.05288814167267236	0.052138108883447276	0.05139709872716719	0.05066393917399682	0.04993761854516715	0.04921732283961085	0.048502457455410194	0.04779266552985251	0.047087846526679605	0.04638816914150862	0.04569407167134157	0.04500624118844759	0.04432556080011499	0.043653025073061194	0.04298964136112714	0.04233634019519977	0.04169390831397102	0.04106294631824661	0.04044384792963991	0.03983679774422043	0.03924178496992485	0.038658630495689836	0.038087024375020734	0.03752657076085322	0.036976836824966774	0.03643740073111869	0.03590789234896169	0.03538802088266582
6.021385919380437	1.413430325566659	1.4133797331982711	1.4133018281749443	1.4132034601960473	1.4130916039756505	1.4129719446681108	1.412847449648905	1.4127171307704298	1.4125751718329767	1.4124105419251207	1.412207146114387	1.4119444921938102	1.4115987870366498	1.411144327633755	1.4105550256358423	1.409805901683707	1.408874404645983	1.4077414458226185	1.4063920822803473	1.4048158295408137	1.4030066255131128	1.400962500231533	1.3986850270889035	1.3961786403437206	1.3934499018968878	1.3905067899917924	1.387358066464249	1.384012760387372	1.3804797870265113	1.376767703986582	1.3728845926825377	1.368838043520396	1.3646352175880234	1.3602829559083491	1.3557879087695413	1.3511566615026498	1.3463958384604204	1.3415121730503747	1.3365125377758558	1.3314039338338621	1.326193444496373	1.3208881600569375	1.315495084298837	1.310021033913431	1.30447254151499	1.2988557721508198	1.2931764608800758	1.287439876192715	1.281650811003105	1.2758135999348525	1.2699321575649924	1.2640100344378757	1.2580504783587223	1.2520564966080112	1.2460309125809563	1.2399764073057586	1.2338955484047394	1.2277907977439426	1.2216645062115399	1.2155188957047325	1.2093560367208886	1.2031778193896447	1.1969859306403525	1.190781839737857	1.1845667947755243	1.1783418319461993	1.1721077974577285	1.1658653804897137	1.159615154538288	1.1533576241786037	1.1470932770126505	1.1408226578739151	1.1345464955720388	1.1282656729264973	1.1219810757063653	1.1156936848331116	1.1094046193423748	1.1031151450585446	1.0968266539016	1.0905406244346953	1.084258578572764	1.077982106493963	1.0717128766934634	1.0654525997941875	1.0592029963233922	1.0529657855571548	1.0467426689260118	1.040535318219359	1.034345352107863	1.0281741719568787	1.0220226565764212	1.0158913167273051	1.0097807499549394	1.0036917622769939	0.9976252078398663	0.9915819525730962	0.9855629094323908	0.9795690652343305	0.9736014786493576	0.9676612616104798	0.9617495485549801	0.9558674585732491	0.9500160672842535	0.9441964143779822	0.9384095213820971	0.9326562114820109	0.9269369516176317	0.9212525067316227	0.9156044930563411	0.9099949253476713	0.9044254403759948	0.8988972073235365	0.8934113529541761	0.8879690417577866	0.8825710386489818	0.8772173370302817	0.8719071867918036	0.8666391933446574	0.8614113431398304	0.8562211855816697	0.851065976083825	0.8459424883916655	0.8408469655018098	0.8357755243853401	0.8307246216879306	0.8256911524011588	0.8206723989027003	0.8156662168619635	0.8106713353403352	0.805687415793951	0.8007147793502221	0.7957541513721887	0.7908067359895365	0.7858742477240364	0.7809586374998843	0.7760618548545868	0.7711857214100151	0.766331784825153	0.7615011904528854	0.756694614467498	0.7519122180836304	0.7471535780916123	0.7424176442583021	0.7377028390694593	0.7330072919972271	0.7283290203193348	0.7236659447777043	0.719015865789838	0.7143765977091758	0.7097463003771463	0.7051238682958889	0.7005091994586926	0.6959032417508622	0.6913078209148427	0.6867253420370898	0.6821585359061165	0.6776104196920291	0.6730844567241893	0.6685847109055628	0.6641158080339568	0.6596826856069196	0.6552902861086725	0.6509433526771902	0.646646324652497	0.6424032343148753	0.6382175620490675	0.6340920869094693	0.630028784052541	0.6260287907234222	0.6220924336691328	0.6182193022731728	0.6144083566930385	0.6106580643320383	0.606966553877736	0.6033317673420028	0.599751586933734	0.5962239231905457	0.5927467699363105	0.589318245004534	0.5859366348298958	0.5826004546168615	0.5793085248552124	0.5760600405953934	0.572854591733348	0.5696921102214084	0.566572761758523	0.5634968270980251	0.5604646116676298	0.5574763932898466	0.5545323937571427	0.5516327559705284	0.5487775177995581	0.5459665842077297	0.5431997049393615	0.5404764662091032	0.5377963019662613	0.5351585241578692	0.5325623648052848	0.530007019643471	0.5274916850318367
